-0.0912993 0.187822 0.977951
-0.905118 -0.0506838 -0.422128
0.139938 0.838546 -0.526553
0.824676 0.503278 -0.258109
-0.518001 0.855278 0.0132055
0.0588364 -0.991251 -0.11815
-0.0954639 -0.420107 -0.902439
-0.669004 -0.68938 0.277829
-0.155182 -0.0550004 0.986354
0.186392 0.928803 0.320287
0.624892 -0.00524515 -0.780693
0.184935 -0.969131 -0.163049
-0.406044 -0.76348 0.502222
-0.672758 0.227995 0.703857
0.765906 0.465932 -0.443052
0.358568 -0.671292 0.648688
0.37886 -0.745653 0.548148
-0.994993 0.00644898 0.0997337
-0.809988 -0.585107 0.0396115
0.102602 -0.904655 0.413608
-0.384355 0.724159 0.572595
-0.902451 -0.225395 -0.367122
-0.95759 -0.265495 0.111956
0.488285 -0.860171 0.147254
-0.0944247 -0.725449 0.681768
-0.698932 0.0228937 -0.714822
-0.980779 0.0340691 -0.192123
0.803669 -0.447284 -0.392496
-0.990932 -0.116546 -0.0668631
0.459773 0.638765 -0.616918
0.727046 -0.0787334 -0.68206
-0.775845 -0.305255 0.552162
-0.92799 -0.14548 0.34303
-0.0998448 -0.318355 -0.942699
0.881 0.395558 -0.259564
0.187993 -0.0507002 0.980861
0.284336 -0.308729 0.907656
0.558119 0.753974 0.346447
-0.411637 0.461008 -0.786147
-0.175752 -0.520296 0.835705
0.436315 0.259991 -0.861414
-0.00395598 0.800521 -0.599291
-0.403461 -0.806779 0.431656
-0.849088 -0.391546 -0.3546
-0.232908 0.38822 -0.891649
0.548084 -0.255415 -0.796472
0.200162 0.775499 -0.59878
0.503208 0.656664 -0.561759
-0.824926 -0.405908 0.393366
-0.361046 -0.40438 0.840311
0.571372 0.643509 -0.509343
-0.958888 -0.197541 -0.203744
-0.994882 -0.0419324 0.0919331
-0.272612 0.870987 0.408735
-0.86977 0.486213 0.0842419
0.0307542 0.121054 0.992169
-0.185892 0.955521 -0.228964
0.230897 0.0193879 0.972785
-0.807771 0.459806 -0.368896
0.261923 -0.832513 -0.488178
-0.9617 -0.169438 -0.215461
-0.876844 0.351304 0.328224
-0.461392 -0.107503 0.880659
0.811685 -0.535127 0.234107
0.361766 -0.865278 -0.347015
-0.327297 0.652233 -0.683717
0.909342 0.390996 0.142194
-0.0690837 0.922893 -0.378808
-0.0514472 0.813939 0.578667
-0.880086 -0.465181 -0.0951581
0.53967 0.642352 -0.544187
0.245401 -0.893047 0.377154
0.748883 0.662609 0.011123
-0.737732 -0.674921 -0.0152539
0.656762 -0.109165 0.746154
0.367076 0.792984 -0.486242
0.129112 0.528324 0.839168
-0.011586 0.119326 -0.992788
-0.138432 0.768137 -0.625141
0.29327 0.670468 -0.681517
-0.44883 0.754261 0.47921
-0.675714 -0.607625 -0.417376
-0.200163 0.443581 0.873597
0.707982 0.515227 0.483014
0.149936 -0.358799 -0.921294
-0.852823 -0.380285 -0.357877
-0.17379 -0.485675 -0.85669
-0.151629 -0.96868 0.196642
0.514955 -0.564992 0.644675
-0.537842 -0.809507 0.235425
0.576077 0.239176 0.78162
-0.69148 -0.462944 0.554561
-0.379701 -0.493773 -0.782314
0.699962 -0.686977 -0.195233
0.713899 0.00130812 -0.700247
0.595648 0.724394 -0.347068
0.211739 0.669234 -0.712245
0.661846 0.142745 0.735924
0.164661 0.251811 0.953666
0.562273 0.604776 -0.563999
0.122955 0.712456 0.69086
-0.890998 -0.435995 0.126614
0.157075 0.60145 0.783317
0.00869126 0.674005 -0.738675
0.208791 0.340697 -0.916696
0.705641 -0.137549 -0.695091
0.147989 -0.851231 0.503493
0.516795 -0.419526 -0.746272
-0.013666 -0.971275 -0.237565
0.832081 -0.193417 -0.519838
-0.275561 0.873454 -0.401428
-0.193272 -0.959475 -0.20507
0.203798 -0.970752 0.126914
-0.678345 -0.0487174 -0.733127
-0.804181 0.212082 0.555261
0.0571053 0.482682 -0.873932
-0.898635 0.353295 0.260072
-0.891436 0.37262 0.257869
-0.798902 -0.402172 -0.447229
0.333136 0.626664 -0.704494
0.0552759 -0.488838 0.870622
0.279956 0.523459 -0.804746
0.37236 0.0598425 -0.926157
-0.621682 -0.379155 -0.685386
0.521888 0.369004 0.76907
0.0947792 -0.454664 0.885606
-0.698492 0.706527 -0.1137
-0.0458286 0.986063 -0.159933
0.265216 0.869485 0.416722
-0.14049 -0.525543 0.839087
0.540815 0.660562 0.520746
-0.280281 -0.756538 0.590841
-0.507418 -0.635737 0.581692
-0.386687 0.123698 -0.913878
-0.958604 0.18863 0.213299
0.608062 -0.540363 0.581609
-0.376542 0.611516 0.695891
0.842935 -0.470038 0.261773
-0.968246 0.028373 -0.248384
0.600235 0.588216 0.541959
-0.0736337 0.149551 -0.986008
0.853125 -0.498636 -0.153428
0.721393 -0.268431 -0.638386
0.197518 0.758127 -0.621474
-0.449322 0.547946 -0.705595
0.705766 0.405792 0.580712
0.66074 -0.0997537 0.743957
-0.980398 -0.161643 0.112653
-0.128822 -0.353015 -0.926707
-0.693317 -0.689232 -0.210405
-0.236945 -0.0265492 0.97116
0.652635 -0.0131977 -0.757557
0.961232 -0.133158 0.241459
0.929354 0.123424 0.347947
0.598375 0.727806 0.335031
0.0595676 -0.803783 0.591933
-0.998795 -0.0490856 -0.000195853
-0.4223 -0.21358 0.880935
0.866308 0.0146462 0.499296
0.203428 0.948382 -0.243287
0.511823 -0.669323 -0.538557
0.715816 0.572281 -0.400127
0.285884 -0.955053 0.078382
0.869495 0.486732 -0.084085
0.474618 0.415986 0.775689
0.54953 0.363165 0.752415
0.82421 0.553436 -0.119939
-0.896093 -0.129712 -0.424491
0.627659 0.237218 0.741466
-0.100961 0.971101 0.216262
0.0918842 -0.578515 0.81048
0.841095 -0.486123 -0.237157
0.347345 -0.899077 -0.266481
0.544606 0.270456 -0.793888
0.850502 -0.178399 -0.494794
-0.260069 -0.939825 0.221569
0.096855 0.990022 -0.102354
-0.190008 -0.81809 -0.542794
0.512348 0.83167 -0.214067
0.626211 0.0149229 -0.779511
0.939154 0.342999 0.0184886
-0.168197 0.2178 -0.961391
-0.489073 0.56968 -0.660509
0.53721 -0.288476 0.792582
0.720076 -0.205886 -0.662648
0.483759 -0.489174 -0.725732
-0.788048 -0.60118 -0.132528
0.0527119 -0.113409 0.992149
-0.0163318 -0.914952 0.403233
-0.462037 0.844509 -0.270789
0.890695 -0.22899 0.392717
0.902775 -0.429919 -0.0129336
-0.788654 -0.44693 -0.422231
0.853119 0.296865 -0.429021
-0.0396771 0.650629 -0.758359
-0.423916 0.87385 0.238079
0.408864 -0.418742 0.810855
-0.178613 0.452771 0.873554
-0.382042 -0.253969 0.888563
0.913447 -0.355575 0.19794
0.989734 0.050622 -0.133653
-0.0157649 0.690567 0.723097
0.265991 0.105104 0.958229
0.990978 -0.121324 0.0569532
-0.222594 -0.585473 0.779534
-0.156508 -0.926336 -0.342647
-0.584139 0.189067 -0.789326
-0.364194 0.784744 0.501537
-0.0347673 -0.850523 -0.524787
-0.834435 -0.525704 -0.16539
-0.472605 -0.792081 0.386332
-0.42075 0.815524 0.397354
-0.342646 0.908658 -0.23861
-0.553766 0.211838 -0.805275
0.670133 0.505382 -0.543609
-0.254265 -0.782204 0.568776
-0.806038 0.584561 0.0926875
0.673387 0.737549 0.0507041
-0.806843 0.53252 -0.255787
0.889289 -0.305975 0.339918
0.125973 0.0113531 -0.991969
-0.664486 0.439063 -0.604717
-0.233996 -0.890771 -0.38958
-0.0186106 0.862746 -0.505295
-0.239088 -0.901118 -0.361695
-0.04721 -0.994039 -0.0982702
-0.857903 -0.242058 0.453222
0.124543 -0.0929828 -0.987848
0.980998 -0.115642 0.155785
-0.0105547 -0.406207 -0.91372
0.656575 0.401418 0.638571
-0.920882 -0.240363 0.306923
0.443907 0.422689 0.790114
0.536454 -0.0255959 -0.843541
0.441856 0.201155 0.874243
0.622297 -0.69087 0.368027
0.293334 -0.180423 0.93883
-0.778868 0.590837 0.210419
-0.546028 0.034565 -0.837054
0.829366 0.235803 -0.506507
-0.751443 -0.302734 -0.586246
0.0942306 -0.026271 0.995204
0.0518064 0.997424 -0.0496041
-0.085992 -0.248422 -0.964827
-0.370287 -0.911634 -0.178358
0.176122 -0.847181 -0.501263
0.133068 0.984044 0.11811
-0.529667 -0.701853 0.476293
-0.344637 -0.469388 0.812958
0.531663 -0.729562 0.430203
-0.0940886 0.180359 -0.97909
0.159452 -0.675108 -0.720281
0.389463 0.501278 0.772682
0.313097 -0.535197 0.78456
-0.695747 0.480305 -0.534082
0.255774 0.760593 -0.596723
0.456702 -0.853093 -0.252299
-0.529773 -0.826581 0.190013
0.194723 0.980768 -0.0133122
-0.993421 -0.111922 0.024256
0.321331 -0.940715 -0.108637
-0.581695 0.393853 -0.711695
0.521449 -0.483851 0.702837
-0.714883 -0.438043 0.545032
0.913986 -0.316314 0.254117
0.925515 -0.215992 0.311078
0.876315 0.339511 0.341766
-0.892682 0.0977738 -0.439953
-0.341694 -0.672028 0.656981
-0.240325 -0.692226 0.680491
0.499425 0.675915 -0.541953
-0.600738 -0.457653 -0.65549
-0.688552 0.143316 -0.710885
-0.956837 -0.0226113 0.289744
-0.575911 0.705245 -0.413469
0.930505 -0.260844 0.257138
0.994709 -0.101715 0.0144035
0.108057 -0.0267188 -0.993786
-0.808002 0.289071 -0.513392
-0.00279004 -0.797326 0.603543
0.0911671 0.681866 0.725773
0.464495 0.110983 -0.878594
0.531231 -0.841024 0.102332
0.202383 0.622613 -0.755906
-0.955471 0.245638 -0.163517
0.510045 0.858608 -0.0514389
-0.895141 0.415737 -0.160886
-0.266681 0.102637 0.958304
0.618573 0.5969 -0.510958
-0.382933 0.596832 -0.705091
0.145723 0.504964 0.85075
-0.831154 -0.142313 0.537522
0.293841 0.136932 0.945995
-0.0542241 -0.743799 0.6662
0.786438 0.564313 -0.251131
-0.913794 -0.320878 -0.249034
0.38659 0.873867 0.294794
0.577596 -0.178917 -0.796474
-0.679495 -0.516203 -0.521365
-0.639921 -0.76653 -0.0541683
-0.212419 0.06829 0.97479
0.740577 0.418953 -0.52538
-0.982351 -0.123817 0.140197
-0.32945 -0.820995 -0.466293
0.846732 0.509664 -0.152604
-0.610384 -0.0111803 0.792027
0.630876 0.31011 0.711215
0.489105 0.298873 -0.819421
0.438651 0.782538 -0.441836
0.540671 -0.138845 -0.829697
0.384294 -0.82557 -0.413223
0.703971 -0.61807 0.349879
-0.129892 0.98159 0.140035
-0.954371 0.0761349 -0.288755
-0.96451 0.205057 0.166347
-0.625738 -0.767947 0.136783
0.148687 0.988832 0.0101646
0.0539871 0.231365 -0.971368
-0.761803 0.21661 0.610521
-0.374337 0.786596 0.491059
0.95325 -0.217982 -0.209278
0.0982173 -0.188216 -0.977204
0.499948 0.25465 -0.827771
0.708835 -0.433895 -0.556137
0.519996 -0.854168 -0.000546966
0.449225 -0.33012 -0.830191
0.732062 0.5782 0.360236
0.708849 -0.47364 -0.522683
0.743417 0.584858 0.324457
-0.770639 0.0487919 0.635401
0.400529 -0.785829 -0.471221
0.719455 -0.633323 0.285108
0.548006 -0.327347 0.769762
0.939653 0.321736 0.116356
0.774558 0.434032 0.460083
0.0100973 -0.916245 0.40049
0.417362 0.568567 0.708901
0.986336 -0.10932 0.123248
0.943053 0.112297 0.313114
-0.749651 0.153944 0.64368
0.210702 0.909909 -0.357309
-0.355849 -0.76383 -0.538456
0.968754 0.0226126 -0.246991
0.697239 -0.0197737 -0.716566
-0.178798 -0.308866 -0.934148
-0.276272 -0.94869 0.153823
-0.110234 0.292631 0.94985
-0.663547 -0.572581 -0.481514
0.997527 0.0638749 0.0293213
0.0637559 0.26582 0.961912
0.633187 -0.641074 0.433702
-0.170773 0.279932 -0.944709
-0.834777 0.545896 -0.0717245
-0.555645 -0.80376 0.212669
-0.29088 -0.956737 -0.00663385
0.440308 -0.857058 -0.267544
0.213359 0.970418 0.112993
-0.0746337 0.524383 -0.848205
-0.978932 -0.0946669 -0.180917
-0.656493 0.581065 -0.48102
0.785387 0.26442 -0.559687
0.0873336 0.969548 -0.2288
0.352296 0.859441 -0.370471
0.0329599 -0.320487 0.946679
0.831191 0.552057 -0.0659871
0.692006 0.0245427 0.721474
-0.547113 -0.0676628 -0.83432
0.322279 0.907831 -0.268288
0.634853 -0.0163866 0.772459
-0.906341 0.311404 0.285612
-0.666258 -0.625217 0.406453
-0.535497 0.742754 -0.401944
-0.0584648 -0.211394 0.975651
-0.963009 0.226847 0.145448
0.469812 0.731322 0.494413
-0.313356 -0.863258 -0.395719
-0.0733275 0.990721 0.11443
-0.0919314 -0.869803 0.484759
-0.690332 -0.0266455 -0.723002
0.757954 0.610774 -0.229042
0.764679 -0.610503 -0.206284
0.336871 -0.545765 0.767241
0.604897 -0.794221 0.0575516
0.841026 0.0353519 -0.539839
-0.789412 0.286954 0.542666
-0.518545 0.28175 0.807297
0.112777 0.861967 -0.494261
-0.799609 0.305116 0.517233
0.722957 -0.0203628 0.690593
0.491701 0.789538 0.367233
0.812901 0.551327 0.187697
-0.346653 0.515907 -0.783372
0.0920671 -0.494197 -0.864461
-0.54862 0.366994 -0.75122
-0.627427 -0.348615 0.696278
-0.144686 0.489125 -0.86013
-0.823201 -0.517071 0.234472
-0.269517 0.885036 0.379568
-0.178526 -0.226837 -0.957431
0.0371178 -0.486456 -0.872916
-0.088972 0.455644 0.885705
-0.303157 -0.889976 0.340645
-0.786554 0.595791 -0.162374
-0.620153 0.212506 0.75515
0.733527 -0.0602662 0.676983
-0.138535 -0.842582 -0.520446
-0.249932 -0.746477 -0.616689
0.156381 -0.274135 0.948891
-0.972026 -0.200612 -0.122145
-0.75978 0.153635 -0.631768
0.0612138 0.191624 0.979558
-0.956049 -0.24281 -0.16436
0.335115 0.169294 0.926843
-0.589737 0.74781 -0.304944
-0.674937 0.737199 0.0316056
-0.153393 0.941017 -0.301591
-0.832958 -0.517767 -0.195188
-0.410224 0.703422 -0.580442
-0.634077 -0.123271 0.763381
0.828491 -0.112164 0.548654
0.0401902 -0.974338 0.221475
-0.979582 -0.0389266 -0.197241
-0.732803 0.390418 -0.557291
0.324872 -0.233871 0.916386
-0.814742 -0.144227 -0.5616
0.582371 0.475875 0.65908
0.618926 -0.555089 0.555703
-0.846063 0.435762 0.307065
0.571065 -0.00332474 -0.820898
-0.252257 0.790976 0.557426
-0.901902 0.388672 -0.188435
-0.428162 0.903159 -0.031334
0.0480169 0.594485 0.802671
0.0743896 0.205236 0.975881
-0.964139 -0.14574 0.221801
-0.619238 0.601805 -0.504356
-0.0282549 0.364584 0.930742
-0.031987 -0.979426 0.199252
-0.471275 -0.032497 -0.881387
0.212766 -0.375809 0.901941
0.843942 -0.535771 0.0266703
0.51308 -0.849471 0.12308
-0.808867 -0.293436 0.509538
0.838277 0.0449312 -0.543391
0.545613 0.806561 0.22752
-0.593097 0.369044 -0.715572
-0.229495 -0.208243 -0.950772
-0.820927 -0.284677 -0.495014
-0.791183 -0.268737 -0.549372
0.856766 0.274384 0.436652
0.143686 0.927956 0.343878
0.670571 -0.6948 0.259976
0.16125 0.688379 -0.7072
0.532231 0.795719 -0.289071
0.122636 0.814241 -0.567425
0.371547 -0.148555 -0.916452
0.836382 0.192998 -0.513047
-0.958596 -0.139815 0.248082
-0.719861 -0.68334 -0.121849
-0.228288 0.855691 -0.464412
-0.519958 -0.204332 -0.829392
-0.0628116 0.397869 -0.915289
-0.462308 -0.862923 -0.204049
0.692662 0.688183 0.215925
-0.0532264 -0.977181 0.205632
0.281313 -0.610899 -0.740044
0.03556 -0.840268 0.541004
-0.603298 -0.624258 0.49632
-0.45449 -0.87595 -0.161711
0.138206 0.276907 -0.950906
-0.107752 -0.882454 0.457892
-0.0434223 0.988322 0.14606
-0.705826 0.132015 -0.695975
-0.464657 0.875393 -0.133344
-0.67721 0.708839 0.197318
-0.858387 -0.502297 0.104259
0.389281 -0.598153 -0.70048
-0.41321 -0.909236 0.050476
0.693504 0.712805 0.104695
-0.596791 -0.615121 -0.515234
0.693259 0.644538 0.322434
0.0701713 -0.39871 0.914389
-0.839289 0.126082 0.528864
-0.0487252 0.962793 0.265812
-0.3982 -0.0629345 0.915137
0.545209 -0.654812 0.523419
0.0227533 -0.613604 0.789286
-0.638963 0.218708 0.737491
-0.903665 -0.317725 -0.287125
-0.175102 -0.870874 0.459258
0.154751 -0.855871 0.493495
0.272142 -0.943172 0.190697
-0.247737 0.112723 -0.962247
0.395387 -0.916216 -0.0649411
0.616676 0.173286 -0.767908
-0.505308 0.416417 0.755818
-0.484818 0.364093 -0.795228
0.865934 0.0672193 -0.49562
-0.550989 0.268311 -0.790203
-0.234304 0.497731 0.835084
