0 0 0.00987915
0 1 0.0100168
0 2 0.00944663
0 3 0.00972187
0 4 0.0102822
0 5 0.0099283
0 6 0.010292
0 7 0.00960391
0 8 0.00928935
0 9 0.00983983
1 0 0.0101706
1 1 0.0103123
1 2 0.00972532
1 3 0.0100087
1 4 0.0105855
1 5 0.0102212
1 6 0.0105956
1 7 0.00988724
1 8 0.0095634
1 9 0.0101301
2 0 0.0101103
2 1 0.0102511
2 2 0.00966766
2 3 0.00994934
2 4 0.0105228
2 5 0.0101606
2 6 0.0105328
2 7 0.00982862
2 8 0.0095067
2 9 0.0100701
3 0 0.0103917
3 1 0.0105365
3 2 0.00993674
3 3 0.0102263
3 4 0.0108156
3 5 0.0104434
3 6 0.010826
3 7 0.0101022
3 8 0.0097713
3 9 0.0103503
4 0 0.0098892
4 1 0.010027
4 2 0.00945624
4 3 0.00973176
4 4 0.0102926
4 5 0.0099384
4 6 0.0103025
4 7 0.00961368
4 8 0.0092988
4 9 0.00984984
5 0 0.0102108
5 1 0.010353
5 2 0.00976376
5 3 0.0100482
5 4 0.0106274
5 5 0.0102616
5 6 0.0106375
5 7 0.00992632
5 8 0.0096012
5 9 0.0101702
6 0 0.00973845
6 1 0.00987411
6 2 0.00931209
6 3 0.00958341
6 4 0.0101357
6 5 0.0097869
6 6 0.0101454
6 7 0.00946713
6 8 0.00915705
6 9 0.00969969
7 0 0.0095274
7 1 0.00966012
7 2 0.00911028
7 3 0.00937572
7 4 0.00991608
7 5 0.0095748
7 6 0.00992556
7 7 0.00926196
7 8 0.0089586
7 9 0.00948948
8 0 0.0102007
8 1 0.0103429
8 2 0.00975415
8 3 0.0100383
8 4 0.0106169
8 5 0.0102515
8 6 0.0106271
8 7 0.00991655
8 8 0.00959175
8 9 0.0101601
9 0 0.0103816
9 1 0.0105263
9 2 0.00992713
9 3 0.0102164
9 4 0.0108052
9 5 0.0104333
9 6 0.0108155
9 7 0.0100924
9 8 0.00976185
9 9 0.0103403
