-0.906536 0.422128
0.587818 0.808993
0.891041 0.453923
-0.598886 -0.800835
0.940932 0.338595
0.856731 -0.515764
0.455072 0.890455
-0.568608 -0.822608
0.029178 -0.999574
0.786741 0.617283
0.833936 0.551861
-0.539215 -0.842168
0.101857 0.994799
-0.955473 -0.295079
0.864982 0.501802
-0.415258 -0.909704
0.829473 0.558547
0.993808 0.111107
-0.65966 -0.751564
0.937388 0.348287
0.402283 0.915516
0.85778 0.514017
-0.653887 -0.756593
0.689967 0.723841
0.0301632 0.999545
0.595015 0.803714
-0.672815 -0.739811
0.53745 0.843296
-0.902901 -0.429848
0.817288 0.57623
-0.463044 0.886335
0.653154 0.757225
-0.953883 -0.300178
-0.937619 -0.347665
-0.707802 -0.706411
-0.787745 -0.616002
0.523425 0.852072
-0.665276 -0.746598
0.811002 0.585043
0.425975 0.904735
0.826582 0.562816
-0.40455 -0.914516
-0.557008 -0.830507
0.869099 0.494638
-0.465442 0.885078
-0.130429 -0.991458
0.338616 0.940925
-0.45033 -0.892862
-0.667632 -0.744491
0.876942 -0.480597
-0.982907 0.184103
-0.828667 -0.559742
0.390815 0.920469
-0.399758 0.916621
0.717672 0.696382
0.497407 0.867517
0.586997 0.809589
-0.600997 -0.799252
-0.97936 -0.202125
-0.719198 0.694805
-0.66968 -0.74265
-0.813759 -0.581203
-0.685236 -0.728321
-0.470919 -0.882177
0.466506 -0.884518
-0.0520032 -0.998647
-0.340925 -0.940091
0.81911 0.573636
-0.849841 -0.52704
-0.632369 -0.774668
-0.600819 -0.799385
0.82116 0.570697
0.65149 0.758658
0.827253 0.56183
0.782649 0.622464
-0.969365 -0.245625
0.943547 0.331238
0.644639 0.764487
-0.76112 -0.648611
-0.942962 -0.3329
-0.594224 -0.8043
0.653446 -0.756973
-0.860964 -0.508666
0.488111 0.872782
-0.518959 -0.854799
0.59182 0.80607
-0.78283 0.622236
-0.82884 -0.559486
0.53869 0.842504
-0.920172 0.391513
-0.999835 0.0181589
0.986374 -0.164518
0.765517 0.643416
-0.641146 -0.767419
-0.946977 -0.321303
0.951855 0.306548
-0.916395 -0.400274
0.450272 -0.892891
-0.133934 0.99099
-0.662768 -0.748824
0.800185 0.599753
0.642701 0.766117
0.90822 0.418493
-0.67884 -0.734287
0.814934 0.579554
0.464812 0.885409
0.772413 0.635121
-0.603697 -0.797214
-0.339746 -0.940517
0.136627 0.990623
-0.82314 -0.567838
0.628633 0.777702
-0.831413 -0.555655
0.436742 0.899587
-0.437293 -0.899319
0.125067 -0.992148
0.971699 0.236224
-0.171767 -0.985138
0.270433 0.962739
0.302475 0.953157
-0.790432 -0.61255
-0.708499 -0.705712
0.457407 0.889257
-0.453711 0.891149
-0.206641 -0.978417
0.7833 -0.621644
-0.259694 -0.965691
0.937703 0.347439
0.363521 0.931586
-0.357724 -0.933827
0.509941 0.86021
-0.987868 0.155293
0.790148 0.612916
0.703577 0.710619
0.70996 -0.704242
0.964592 0.263748
0.742288 0.670081
-0.717409 0.696652
0.860702 0.50911
-0.811554 -0.584277
0.960462 0.278412
-0.807057 -0.590474
-0.861427 -0.507881
-0.815819 -0.578307
0.376495 0.926419
-0.676803 -0.736164
-0.506397 -0.862301
-0.631354 -0.775495
0.896817 0.442403
0.729269 0.684227
0.991731 0.12833
-0.611352 0.791359
-0.0205467 -0.999789
-0.882078 -0.471104
-0.396997 -0.91782
0.343089 -0.939303
-0.879665 -0.475594
-0.835534 -0.549439
0.71476 0.69937
0.786338 0.617796
-0.838794 -0.544449
-0.784811 -0.619735
0.374715 0.92714
0.305244 0.952274
0.65632 0.754482
0.981618 0.190855
-0.5891 -0.80806
0.378596 -0.925562
0.973437 -0.228957
-0.0417013 -0.99913
-0.732617 -0.680641
-0.959166 -0.282844
-0.456074 -0.889942
-0.591878 -0.806028
0.791383 0.61132
0.631458 0.77541
-0.576099 -0.81738
0.755875 -0.654715
-0.630686 -0.776038
-0.695337 -0.718684
0.732835 0.680406
0.843908 0.536489
-0.84582 -0.533468
-0.753758 -0.657152
0.63774 0.770252
0.604541 0.796574
-0.594181 -0.804331
-0.622678 0.782479
-0.757438 -0.652907
0.569969 -0.821666
0.239044 0.971009
-0.802179 -0.597083
-0.832339 -0.554267
-0.71052 -0.703677
-0.550686 -0.834713
0.281262 0.959631
-0.82322 -0.567723
-0.919586 -0.392888
0.820124 0.572185
0.934409 0.356201
0.731752 0.681571
0.694114 0.719865
0.795162 0.606397
0.811298 0.584634
-0.446596 0.894736
0.725738 0.687971
-0.758678 -0.651466
-0.745305 -0.666724
0.764478 0.64465
-0.586965 -0.809612
0.583554 0.812074
0.0672952 -0.997733
-0.333126 -0.942882
0.696358 0.717695
-0.597818 -0.801632
-0.689467 -0.724318
0.389075 -0.921206
-0.370607 -0.92879
-0.576227 -0.817289
-0.813746 -0.581221
0.690578 0.723258
0.432142 0.901806
-0.748861 -0.662727
0.94016 -0.340733
-0.242463 -0.970161
-0.879624 -0.47567
-0.602521 -0.798103
0.91546 0.402408
0.653767 0.756696
-0.809883 -0.586592
-0.566329 -0.824179
-0.749626 -0.661861
0.320687 -0.947185
0.766976 0.641676
0.782179 0.623054
-0.985029 -0.172387
0.733936 0.679218
0.995303 -0.0968047
0.669852 0.742495
-0.99956 -0.0296564
0.692613 0.72131
-0.959306 -0.282369
0.943996 0.329957
-0.749624 -0.661864
0.719409 0.694587
0.989736 -0.142906
-0.95806 -0.286568
0.678816 0.734308
-0.660416 -0.7509
0.654544 0.756024
0.656566 0.754268
0.795444 0.606026
0.732328 0.680953
0.834254 0.55138
0.282347 0.959312
0.398797 0.917039
0.00940194 -0.999956
-0.864073 -0.503367
-0.777547 -0.628824
0.30359 -0.952803
0.552684 0.833391
-0.83877 -0.544486
-0.0667808 -0.997768
-0.362196 -0.932102
-0.658765 -0.752349
0.00737656 -0.999973
-0.914763 -0.403992
0.203642 -0.979045
-0.995424 -0.0955602
-0.0378164 -0.999285
-0.627843 0.77834
0.856486 -0.51617
-0.799155 -0.601125
0.522994 0.852336
0.618951 0.785429
0.835945 0.548813
0.799392 0.60081
0.833059 0.553184
0.683827 0.729644
-0.428206 -0.903681
-0.397931 -0.917415
-0.893919 -0.448228
-0.752887 -0.658149
-0.623927 -0.781482
0.748404 0.663243
-0.90241 -0.430878
-0.831662 -0.555282
-0.752604 -0.658473
-0.798795 -0.601603
-0.580687 0.814127
0.626413 -0.779492
-0.78685 -0.617144
-0.609191 -0.793024
-0.0582703 -0.998301
-0.61747 -0.786594
0.862532 0.506002
0.720007 0.693967
0.436322 0.89979
0.23261 0.97257
-0.75666 -0.653809
0.629717 0.776825
0.733663 0.679514
-0.562547 -0.826765
-0.610848 -0.791748
-0.864841 -0.502046
-0.998227 -0.0595252
0.915433 0.402471
0.754264 0.656571
-0.931212 -0.364478
-0.189859 -0.981811
-0.709246 -0.704961
-0.621894 -0.783101
-0.771984 -0.635642
-0.861103 0.50843
-0.727396 -0.686218
-0.908375 -0.418157
0.373418 0.927663
-0.388877 -0.92129
0.512094 0.858929
0.384845 0.922981
0.602393 0.7982
-0.860379 -0.509654
0.022788 -0.99974
-0.523468 -0.852046
-0.60476 -0.796407
-0.658747 -0.752364
-0.500279 0.865864
0.538604 0.842559
0.753052 0.657961
-0.761546 -0.648111
-0.605358 -0.795954
0.905299 0.424775
0.995864 0.0908552
0.857265 -0.514875
-0.511798 0.859106
-0.357372 0.933962
0.633466 0.773771
0.724835 0.688922
0.99971 0.0240981
-0.834705 -0.550698
0.470276 0.882519
-0.55366 -0.832743
-0.99981 0.0195109
-0.510497 -0.85988
0.712492 0.701681
0.965841 -0.259137
-0.730684 -0.682716
0.907745 -0.419523
0.927754 -0.373193
0.706325 0.707887
-0.15182 0.988408
-0.477632 -0.87856
-0.829285 0.558826
0.995822 0.0913187
-0.48322 -0.875499
0.908989 -0.41682
0.394813 0.918762
-0.999894 0.0145489
0.811352 0.584558
0.796276 0.604934
0.6838 0.72967
-0.275168 -0.961396
-0.74904 -0.662525
0.883624 0.468197
0.977695 0.210029
-0.704015 -0.710185
0.814724 -0.579849
-0.533992 -0.84549
0.685562 0.728014
-0.552988 -0.833189
0.91554 0.402227
-0.643981 -0.765041
0.64821 -0.761462
-0.704079 -0.710122
-0.830893 -0.556433
0.863216 0.504835
-0.854134 -0.520052
0.914288 0.405065
-0.753041 -0.657974
-0.64305 -0.765824
-0.656156 -0.754625
0.850259 0.526365
0.821763 0.569829
0.711928 0.702252
-0.590526 -0.807019
0.329048 0.944313
-0.476706 -0.879063
-0.948732 -0.316082
-0.687417 -0.726263
-0.720719 -0.693228
0.731469 0.681875
0.165872 0.986147
0.624415 0.781093
-0.414964 -0.909838
-0.675066 -0.737757
0.702935 0.711254
-0.972436 -0.233171
-0.780391 -0.625292
0.630191 0.77644
-0.690896 -0.722954
0.458239 0.888829
-0.746771 -0.665081
-0.180547 0.983566
0.759323 0.650714
-0.864355 -0.502883
0.986568 -0.163349
0.654232 0.756294
0.725991 0.687705
-0.146343 -0.989234
-0.368057 -0.929803
0.619237 0.785204
-0.685883 -0.727712
0.99733 -0.0730225
-0.0804337 -0.99676
0.794518 0.607241
-0.512181 -0.858878
-0.589311 -0.807906
0.62691 0.779092
-0.898685 -0.438595
0.805419 0.592706
0.977837 0.209367
0.857793 0.513995
-0.84151 -0.540242
0.852797 0.522243
0.694972 0.719037
0.754062 0.656803
-0.588419 -0.808556
0.861245 0.50819
0.768654 0.639664
0.688847 -0.724907
0.711162 0.703028
-0.637847 -0.770163
-0.590271 0.807205
-0.85035 -0.526218
-0.876459 0.481477
-0.522186 -0.852832
0.622459 0.782653
-0.342794 -0.939411
0.709409 0.704797
0.590296 0.807187
-0.51821 -0.855253
-0.925729 -0.378188
0.566053 0.824369
0.692432 0.721483
0.565753 0.824575
0.883518 0.468397
0.986255 0.165232
-0.704168 -0.710034
0.988964 0.148155
0.237271 -0.971443
-0.995815 -0.0913915
0.946817 0.321773
0.159637 -0.987176
-0.592995 -0.805206
0.740087 0.672511
0.661904 0.749589
-0.410568 -0.91183
-0.27549 -0.961304
0.956258 -0.292523
-0.742387 -0.669971
0.438901 0.898535
0.35695 0.934123
-0.759938 -0.649995
-0.607436 -0.794369
0.845195 -0.534459
-0.386265 -0.922388
0.535632 0.844451
-0.504065 -0.863666
0.76226 0.647271
0.930137 0.367213
0.653188 0.757196
-0.828884 -0.559421
-0.888636 -0.458614
-0.771278 -0.636498
-0.144364 0.989525
-0.302772 -0.953063
0.847977 0.530034
0.665699 0.746221
-0.767169 0.641445
-0.686389 -0.727235
-0.932768 -0.360478
-0.409912 -0.912125
0.429152 0.903232
-0.46828 -0.88358
-0.507448 -0.861683
-0.521412 -0.853305
-0.828886 -0.559417
-0.775177 -0.631744
0.792302 0.610129
-0.511034 -0.85956
-0.561637 -0.827384
0.718121 0.695918
0.537522 0.84325
0.86289 -0.505392
-0.931316 0.364212
0.824157 0.566362
0.762012 0.647563
-0.229819 0.973233
0.755303 0.655376
-0.749167 -0.662381
