0.844842 -0.535015
0.74897 0.662603
0.580373 0.814351
-0.81772 -0.575617
0.662106 0.74941
0.641271 0.767315
0.977302 0.211851
-0.998796 0.0490602
-0.223301 -0.97475
0.657343 0.753592
-0.979398 0.201938
0.492205 -0.870479
0.642701 0.766117
0.836272 0.548315
0.956612 0.291365
0.75381 0.657093
-0.0308471 0.999524
0.843319 0.537414
0.711839 0.702343
0.906535 0.422131
0.554403 0.832248
-0.850995 -0.525174
-0.563344 -0.826223
-0.505601 -0.862767
0.675478 0.73738
-0.158346 0.987384
-0.823342 -0.567546
0.855782 0.517336
-0.580778 -0.814062
-0.95442 0.298468
-0.705549 -0.708661
0.820243 -0.572015
-0.187528 -0.982259
0.583233 0.812305
-0.957004 0.290073
0.602009 -0.798489
0.661866 0.749622
-0.592193 -0.805796
-0.869646 0.493675
0.948374 0.317154
0.588776 0.808296
-0.716676 -0.697406
0.515701 -0.856769
0.69005 0.723762
-0.52591 -0.85054
0.786155 0.618029
0.27874 0.960366
0.712866 0.7013
-0.984804 -0.173669
0.768048 0.640392
0.514395 0.857553
-0.890439 -0.455102
0.684888 0.728649
0.389126 0.921185
-0.368038 -0.929811
-0.607558 -0.794275
-0.753635 -0.657293
-0.430663 -0.902513
-0.44435 -0.895853
-0.69783 -0.716263
-0.320856 -0.947128
0.109051 0.994036
-0.67566 -0.737213
0.00746769 0.999972
0.85306 0.521813
0.32956 0.944135
-0.9665 0.256666
-0.674258 -0.738496
-0.583015 -0.812462
0.368463 0.929642
-0.736695 -0.676225
-0.228618 -0.973516
-0.563512 -0.826108
-0.675165 -0.737667
-0.326698 0.945129
-0.916169 -0.400793
-0.00363652 -0.999993
-0.803005 -0.595972
-0.996006 0.0892833
-0.389013 -0.921232
-0.919186 0.393824
-0.792703 -0.609608
0.846989 0.53161
0.994904 -0.100826
-0.635123 -0.772411
-0.857627 -0.514272
-0.634509 0.772915
-0.932755 0.360512
0.566145 0.824306
-0.999082 0.042844
-0.729992 -0.683455
0.615757 0.787936
0.988053 0.154115
0.743515 0.668719
-0.946202 0.323576
-0.807936 -0.589271
-0.760304 -0.649567
-0.0897477 -0.995965
0.564865 0.825183
-0.710242 -0.703957
0.796373 0.604805
0.671245 0.741235
-0.129394 -0.991593
0.751936 0.659236
-0.29343 -0.955981
0.281405 0.959589
-0.589021 -0.808117
0.747445 0.664323
-0.470152 -0.882586
-0.462698 -0.886516
0.658315 0.752743
0.948689 0.31621
0.819291 0.573379
-0.965555 0.260198
0.6643 0.747466
0.799167 0.601109
-0.730989 -0.682389
-0.72113 -0.6928
-0.592801 -0.805349
0.532535 -0.846408
0.838761 0.5445
0.695309 0.718711
0.0902673 0.995918
0.870351 0.492432
-0.980924 0.194391
-0.958242 -0.285958
-0.767377 -0.641196
-0.746958 -0.664871
-0.623314 -0.781971
-0.896331 -0.443385
0.89202 -0.451996
0.850668 0.525704
0.968512 0.248967
0.861063 0.508499
0.984166 0.177252
-0.519405 -0.854528
-0.844828 -0.535038
0.775516 0.631328
0.493016 0.87002
-0.769553 -0.638583
-0.886718 -0.462311
-0.0927724 -0.995687
-0.81324 -0.581929
-0.573347 -0.819313
0.574488 0.818513
0.15112 0.988515
0.342315 -0.939585
-0.781868 -0.623444
-0.679338 -0.733825
0.71777 -0.69628
0.865493 0.500922
0.687088 0.726574
0.280458 0.959866
0.687795 0.725905
0.684895 0.728642
0.992004 0.126205
-0.821604 -0.570059
0.864772 0.502164
-0.762529 -0.646954
-0.904919 -0.425584
-0.51239 -0.858753
0.652784 0.757544
0.857915 -0.513792
-0.933801 -0.357793
-0.510566 -0.859839
0.79179 0.610793
-0.937359 -0.348366
0.75457 0.65622
0.768641 0.639681
0.697031 0.717041
0.705032 -0.709175
0.364191 0.931324
-0.604887 -0.796311
-0.783558 -0.621319
-0.863682 -0.504038
-0.573942 -0.818896
-0.899218 -0.437502
0.509553 0.860439
-0.986624 0.16301
-0.538038 -0.84292
-0.53772 -0.843123
-0.624149 -0.781305
0.634815 0.772664
-0.201673 -0.979453
-0.456993 -0.88947
0.191908 0.981413
-0.778307 0.627884
0.787402 0.61644
-0.495305 -0.868719
0.847928 0.530111
-0.421884 -0.90665
-0.0550009 -0.998486
0.223917 0.974608
0.625799 0.779984
-0.332693 -0.943035
-0.243593 -0.969877
-0.646949 0.762533
-0.759283 -0.65076
-0.822064 -0.569395
0.132654 -0.991162
0.853429 0.521208
0.515063 0.857153
-0.439381 -0.898301
0.879785 -0.475371
0.745012 0.667051
0.0388027 -0.999247
0.771062 0.63676
-0.841044 -0.540966
-0.785619 0.618711
-0.444209 -0.895923
-0.871007 -0.49127
-0.98914 0.146976
0.903434 0.428727
-0.717722 -0.696329
-0.853732 -0.520713
-0.99527 -0.0971442
-0.755821 -0.654778
0.726631 0.687028
0.481153 -0.876637
-0.584519 -0.81138
0.579121 0.815242
0.869495 -0.493942
0.924132 0.382073
0.808182 0.588933
-0.933324 -0.359036
-0.217401 -0.976082
-0.120356 -0.992731
-0.941652 -0.336588
0.766645 0.642071
-0.937628 -0.34764
0.89054 0.454905
-0.0141722 0.9999
-0.876881 0.480708
-0.555421 -0.83157
-0.347654 0.937623
-0.69788 -0.716215
0.52673 0.850033
0.791238 0.611508
-0.46761 -0.883935
0.684558 0.728959
-0.995613 -0.0935656
0.53146 0.847083
0.870266 0.492582
-0.35885 -0.933395
-0.672182 -0.740386
0.967984 0.25101
0.232956 0.972487
0.710628 -0.703568
-0.209097 -0.977895
0.695536 0.718491
0.648797 0.760961
-0.117873 0.993029
0.997842 0.0656603
-0.553628 -0.832764
-0.820752 -0.571285
0.670107 0.742264
0.998495 0.0548438
0.686345 0.727277
-0.769948 -0.638106
-0.991026 0.133673
-0.524372 -0.851489
-0.617241 -0.786774
-0.934706 -0.355421
0.868231 0.49616
0.138997 -0.990293
0.734107 0.679034
-0.610585 -0.79195
-0.808007 -0.589173
0.54729 0.836943
0.77954 -0.626353
-0.932381 -0.361477
0.849034 0.528338
0.8031 0.595844
-0.535777 -0.844359
0.942245 0.334924
0.775412 0.631456
0.961782 0.273816
0.968939 -0.247301
-0.687146 -0.726519
-0.383433 -0.923569
0.874217 0.485536
0.871845 0.489782
-0.759162 -0.650902
-0.389247 -0.921133
-0.999565 0.0294862
-0.641104 -0.767454
0.866518 0.499145
0.710252 0.703947
-0.0819048 -0.99664
0.961742 0.273957
-0.674562 -0.738218
-0.641728 -0.766932
-0.448928 -0.893568
0.905408 -0.424543
-0.723344 -0.690488
0.882593 0.470139
0.525418 0.850844
-0.561514 -0.827467
-0.999825 0.0187198
-0.97781 -0.209493
0.827562 0.561374
-0.849906 -0.526934
-0.981223 -0.192877
0.954037 -0.299688
0.723285 -0.690549
-0.308991 -0.951065
-0.478967 -0.877833
0.546396 0.837527
0.666365 0.745626
0.244619 0.969619
0.88317 0.469053
0.449686 0.893187
0.767806 0.640683
-0.893418 -0.449226
-0.999839 0.0179399
0.675047 0.737775
0.692323 0.721588
0.708144 0.706068
0.510434 -0.859917
-0.921671 -0.387973
-0.660858 -0.750511
0.677377 0.735636
0.696075 0.717969
-0.476068 -0.879408
0.97713 -0.212641
-0.240004 -0.970772
0.100212 0.994966
-0.9927 -0.120614
-0.610396 -0.792096
-0.823625 -0.567134
-0.776377 -0.630269
0.608778 0.79334
0.864483 0.502663
-0.670035 -0.74233
0.643699 0.765278
0.748472 0.663166
0.905734 0.423847
-0.742269 -0.670102
-0.558886 -0.829244
-0.752005 -0.659157
-0.999157 -0.0410623
0.999924 0.0123342
0.766405 0.642358
0.947627 0.319378
-0.599375 -0.800469
0.560564 0.828111
-0.998182 0.0602709
-0.617135 -0.786858
-0.590108 -0.807325
0.503305 0.864109
0.585822 0.81044
-0.986987 0.1608
-0.994859 -0.101272
0.419933 0.907555
-0.48516 -0.874425
0.467136 0.884186
-0.987538 -0.157383
-0.810885 -0.585205
0.614753 0.78872
0.815198 0.579183
0.872916 0.48787
-0.763379 -0.64595
0.730305 0.683121
-0.869926 -0.493181
0.53065 0.847591
0.750966 0.66034
-0.514163 -0.857693
-0.675563 -0.737303
-0.999982 0.00599995
0.69576 0.718274
0.85897 0.512025
0.860574 0.509326
-0.552729 -0.833361
0.996889 -0.0788178
-0.68889 -0.724866
0.573435 0.819251
-0.954944 -0.296786
-0.180576 0.983561
-0.746085 -0.665851
-0.978324 0.207078
0.357028 0.934094
-0.112475 -0.993655
-0.0686318 -0.997642
-0.109718 0.993963
-0.531892 -0.846812
-0.999747 -0.0224923
-0.987949 0.154782
-0.940815 -0.33892
0.745578 0.666418
-0.218559 -0.975824
0.84162 -0.54007
-0.995446 -0.0953253
-0.133838 -0.991003
0.998393 0.0566616
-0.962007 -0.273023
0.305591 -0.952163
-0.502402 -0.864634
-0.593747 -0.804652
-0.7637 -0.645572
-0.682203 -0.731162
-0.865243 -0.501353
0.523474 0.852041
-0.663768 -0.747939
-0.525007 -0.851098
-0.848909 -0.528538
0.837138 0.546992
0.0096417 -0.999954
-0.999272 0.0381392
-0.836783 -0.547534
0.804955 0.593336
-0.222719 -0.974883
-0.599295 -0.800528
0.87603 0.482257
-0.40015 0.91645
-0.863024 -0.505162
0.520569 0.853819
-0.39261 -0.919705
-0.904559 -0.426347
-0.937671 -0.347524
-0.691602 -0.722279
0.572913 -0.819616
0.774862 0.63213
-0.821671 -0.569962
0.699501 0.714632
-0.135726 -0.990746
0.999718 -0.0237314
0.0977172 0.995214
0.491133 0.871085
-0.744185 -0.667974
-0.36 -0.932952
-0.863716 -0.503978
0.793812 0.608163
-0.445781 -0.895142
0.580636 0.814163
0.488299 0.872676
0.929903 0.367805
-0.959168 0.282837
-0.672344 -0.740239
-0.642042 -0.766669
0.677582 0.735447
0.707283 0.706931
-0.0677602 -0.997702
0.855895 0.51715
-0.6497 -0.760191
-0.790005 -0.6131
0.773326 -0.634009
0.799934 0.600088
0.77001 0.638032
-0.675523 -0.737338
-0.750772 -0.660562
0.712305 0.70187
-0.755463 -0.655191
0.51147 0.859301
-0.999676 -0.0254505
-0.686962 -0.726693
0.374867 0.927079
0.943586 0.331127
-0.719921 -0.694056
-0.267962 -0.963429
0.796328 0.604865
-0.760939 0.648823
-0.648486 0.761227
0.839915 0.542718
-0.506428 0.862282
-0.639107 -0.769118
0.643108 0.765776
0.545949 0.837818
-0.251293 -0.967911
-0.827032 -0.562155
0.860543 0.509378
0.628605 0.777724
0.589385 0.807852
0.449065 0.893499
-0.909397 -0.415929
-0.91118 -0.412009
-0.398638 -0.917108
-0.719437 -0.694557
0.731737 0.681587
-0.686308 -0.727311
0.516684 0.856176
0.981853 0.189643
-0.955415 -0.295266
-0.853582 -0.520958
0.517171 0.855882
0.36682 0.930292
-0.907117 0.420879
-0.63391 -0.773407
0.554384 0.832261
0.367269 -0.930115
-0.331222 -0.943553
-0.702625 -0.711561
0.194139 0.980974
-0.998763 -0.0497189
0.514978 0.857204
-0.459543 -0.888155
-0.848888 -0.528573
0.407765 0.913087
-0.398575 -0.917136
0.992624 -0.121232
-0.621301 -0.783572
