-0.960093 -0.279681
-0.957689 0.287806
-0.994297 -0.106645
-0.610348 0.792134
-0.955642 0.29453
0.997846 0.0656067
0.919124 -0.393968
0.976938 0.213525
0.999689 0.0249469
0.998168 -0.060506
0.176533 0.984295
0.981796 -0.189936
-0.993197 -0.116448
-0.866158 0.49977
-0.999186 -0.0403364
-0.969468 -0.245217
-0.838284 0.545234
0.999988 0.00481412
-0.987647 -0.156693
0.975367 -0.220589
0.695965 -0.718076
-0.929895 0.367825
0.999458 -0.0329295
-0.860537 0.509387
-0.941645 -0.336606
-0.96978 -0.243981
-0.999426 0.0338781
-0.998028 -0.0627659
0.891614 -0.452797
-0.976099 0.217327
0.98497 0.172728
0.302751 -0.95307
0.999208 -0.039801
0.9165 0.400035
0.982444 0.186557
0.989756 0.142772
-0.75776 -0.652533
0.921808 0.387647
0.372347 -0.928093
-0.998344 -0.0575283
-0.799899 -0.600135
-0.999849 -0.0173958
0.981581 -0.191047
-0.993524 -0.113624
0.211447 0.977389
-0.318035 -0.948079
0.999083 0.0428149
-0.969075 0.246768
0.947087 0.320976
0.996731 0.0807912
-0.998409 -0.056395
0.988169 0.153369
0.968384 0.249464
0.997658 0.068397
0.334355 -0.942447
0.983019 0.183505
0.21958 0.975594
-0.957437 -0.288641
-0.999602 0.0282183
-0.999028 -0.0440718
0.159467 0.987203
-0.472347 0.881413
-0.999698 -0.024577
0.999856 0.0169582
-0.985504 0.169653
-0.577199 -0.816603
0.95882 -0.284015
0.996583 0.082592
0.659595 0.751622
-0.966492 -0.256697
-0.999915 -0.0130713
0.385041 -0.922899
-0.970657 0.24047
-0.91306 0.407826
0.981822 -0.189804
-0.997811 0.0661293
0.988729 -0.149714
-0.87754 0.479503
-0.988246 -0.152874
0.940418 0.340021
-0.892552 -0.450944
-0.942452 -0.334343
0.999946 -0.0103828
0.457085 -0.889423
-0.999823 -0.0187932
-0.463106 0.886303
0.832595 0.553882
-0.864468 -0.502687
-0.981571 -0.191097
-0.0212291 0.999775
0.998883 0.0472426
0.959461 0.281841
0.999859 -0.0167685
0.996767 -0.0803448
-0.935006 -0.354632
-0.965523 -0.260319
0.997527 0.0702876
0.157127 0.987578
-0.993305 -0.115523
-0.969799 -0.243907
0.524531 0.851391
0.999728 0.0233097
-0.204295 -0.978909
-0.999339 -0.0363503
0.958993 0.283429
0.999588 -0.0286888
-0.650573 -0.759444
-0.996485 0.0837663
0.995911 0.0903446
-0.426818 -0.904338
0.979789 0.200032
0.807458 0.589926
0.997401 -0.0720552
-0.969736 -0.244158
0.98995 0.141415
-0.999259 -0.0384847
0.985767 0.168119
0.998081 0.0619164
-0.941023 -0.338343
-0.992656 -0.120968
-0.991509 0.130037
0.995811 0.0914318
0.96221 0.272308
-0.994761 0.102228
-0.646001 -0.763336
0.873729 -0.486414
-0.818019 -0.575191
-0.986598 -0.163168
-0.999425 -0.0339142
-0.999962 -0.00872572
-0.985384 0.170347
-0.661028 0.750362
-0.845357 0.534202
-0.174601 0.984639
0.999299 -0.0374235
0.999926 -0.0121796
0.999605 0.0280984
-0.840944 -0.541122
0.711687 -0.702497
0.983099 -0.183077
0.710396 0.703802
-0.998169 0.0604895
-0.994094 -0.108521
-0.988651 -0.150233
-0.999134 0.041604
0.881139 0.472857
0.99475 0.102333
0.999664 -0.0259083
-0.998435 -0.0559189
0.619984 -0.784615
0.372804 -0.92791
0.935581 0.353111
-0.995608 -0.093624
-0.994651 0.103293
-0.963392 0.268096
-0.998154 -0.0607324
0.999505 -0.0314481
-0.999213 -0.0396726
0.0186386 -0.999826
0.987776 0.155878
0.703959 -0.71024
0.999976 -0.00693327
-0.999965 -0.00833021
-0.94267 0.333726
0.990229 -0.139447
0.999569 -0.0293407
0.972204 -0.234134
0.974333 0.225112
-0.998824 0.0484733
0.997666 0.0682854
0.9982 0.059967
-0.975028 -0.222082
0.998373 -0.0570184
0.851241 0.524776
0.999214 0.0396331
0.938398 -0.345556
0.986975 0.160875
-0.988702 -0.149896
-0.990062 -0.140634
-0.996383 -0.084979
0.633913 0.773405
-0.794913 -0.606723
-0.389372 -0.92108
-0.939133 0.343555
0.683099 -0.730326
-0.990634 0.136545
-0.918775 -0.394781
-0.372596 0.927994
-0.999189 0.0402568
-0.927295 -0.374331
-0.999563 0.0295641
-0.956673 -0.291166
-0.996745 0.0806201
0.945389 -0.325945
0.837343 -0.546677
-0.995413 -0.0956705
-0.800294 0.599608
0.998561 0.0536192
-0.999758 0.0220013
0.884695 -0.46617
-0.829645 -0.558291
-0.984845 -0.17344
0.970397 -0.241515
0.936922 0.349537
-0.777164 -0.629298
-0.999881 -0.0154582
0.933947 0.357411
-0.167556 -0.985863
0.992909 -0.118876
0.960096 0.279669
0.999856 0.0169883
0.552796 0.833317
-0.988279 -0.152661
0.940814 -0.338923
-0.907074 0.420972
-0.999326 -0.0367101
0.98581 -0.167867
-0.9977 -0.0677773
0.996833 0.0795264
0.955049 0.296449
-0.831624 -0.555338
-0.995069 -0.0991804
0.970976 0.239178
-0.842735 0.538328
-0.999679 -0.0253413
0.0577619 -0.99833
0.97528 -0.220972
0.999862 0.0166227
0.971901 0.235388
-0.989355 -0.145521
0.949826 -0.312778
0.99878 0.0493842
-0.636417 -0.771345
-0.917389 0.397992
-0.870155 -0.492779
0.453252 -0.891382
0.870725 -0.49177
0.990131 0.140148
-0.988451 -0.151539
-0.939084 -0.343687
-0.958612 0.284717
-0.930382 0.366591
-0.804704 -0.593676
-0.882447 -0.470412
-0.374561 0.927202
0.937532 -0.3479
-0.601348 -0.798987
0.574334 0.818621
0.745627 -0.666364
0.359255 -0.933239
-0.235834 0.971793
0.639079 -0.769141
0.689185 -0.724585
-0.967263 -0.253777
-0.988066 -0.154032
0.999896 0.0144318
0.998478 0.0551497
-0.76075 -0.649045
-0.984573 -0.174973
0.979184 -0.202976
-0.999104 0.0423259
0.364344 -0.931264
-0.998168 -0.0605007
-0.996815 -0.0797435
0.971467 -0.237175
-0.981824 0.189793
-0.866012 0.500023
-1 -0.000765252
-0.97398 0.226632
-0.996568 0.0827797
-0.991625 -0.129152
-0.380197 -0.924906
0.981277 -0.192602
0.873452 0.486911
0.999439 0.0334767
0.811409 -0.584479
-0.999745 0.0225975
0.991332 0.13138
0.931406 -0.363982
0.931486 -0.363778
0.982252 0.187568
-0.978835 0.204651
0.913962 0.4058
-0.976341 0.216237
-0.701845 -0.71233
0.0725179 0.997367
-0.998822 0.0485305
0.939393 0.342842
0.43019 -0.902738
-0.695515 0.718511
-0.987835 -0.155503
0.99093 0.134378
-0.857829 0.513935
0.950319 0.311278
-0.975443 -0.220252
-0.997359 0.0726352
-0.999834 0.0182414
-0.932706 -0.360637
-0.0306681 0.99953
0.998518 0.0544158
0.6431 0.765782
-0.462652 -0.88654
0.920886 0.389833
0.986426 0.164205
0.985044 -0.1723
-0.998517 0.0544481
0.979117 -0.203298
-0.790207 0.61284
0.751165 0.660115
0.0774946 0.996993
0.15482 0.987943
0.81435 0.580374
0.944047 0.329811
0.921127 -0.389261
0.946873 -0.321608
0.999529 0.0306891
-0.996755 -0.0804922
0.824344 0.56609
0.938692 0.344756
-0.993941 0.109916
0.796774 -0.604278
0.958929 0.283646
0.653704 0.75675
0.993518 0.113673
0.945229 -0.326409
-0.99965 0.0264565
-0.97267 0.232193
-0.9835 0.180909
-0.993282 -0.11572
-0.524053 -0.851686
-0.624821 0.780768
-0.999913 -0.013165
0.183387 0.983041
0.96917 0.246393
-0.999492 0.0318822
-0.305478 0.952199
-0.86452 0.502599
-0.696979 0.717092
-0.877412 0.479738
-0.630327 0.776329
0.838564 -0.544803
-0.98763 -0.156805
-0.670589 0.741829
-0.998027 -0.0627852
-0.999608 -0.0279831
-0.744399 -0.667735
0.947235 -0.320539
0.991787 -0.127903
-0.926753 0.375671
-0.491094 0.871107
-0.999937 0.0111862
-0.76009 -0.649818
0.0610412 0.998135
-0.892074 -0.451889
-0.776296 0.630368
-0.999998 0.00218077
0.917286 0.398228
0.997808 0.0661799
0.991223 -0.132199
-0.897419 -0.441179
-0.136392 -0.990655
0.99939 -0.0349249
-0.817425 0.576035
0.901272 0.433255
0.983615 0.18028
-0.808714 -0.588201
-0.999705 -0.0242961
-0.999554 -0.0298642
-1 0.00046529
0.987323 -0.158724
0.750426 -0.660954
-0.997386 0.0722601
0.98119 0.193045
0.90693 0.421282
0.996834 -0.0795159
0.997101 0.076093
-0.988666 0.150131
0.965287 -0.26119
0.999639 -0.0268545
0.954704 0.297558
-0.86228 -0.506431
-0.99962 -0.0275615
0.986789 -0.162012
0.99687 0.0790608
-0.999999 -0.00134156
-0.611135 -0.791527
-0.943386 0.331698
-0.971322 0.237769
-0.994162 0.107894
-0.692247 -0.721661
-0.999315 -0.0370097
0.885024 0.465544
-0.855921 0.517106
-0.992501 0.122235
0.789058 -0.614318
-0.956424 -0.291981
-0.0735056 0.997295
0.0817145 -0.996656
-0.908506 -0.417872
0.999709 -0.0241269
0.993619 -0.112789
0.985479 -0.169797
-0.934676 -0.3555
-0.997741 0.0671816
-0.955731 -0.294243
0.441487 0.897268
-0.994082 -0.108636
0.980814 -0.194943
0.997577 -0.0695718
-0.526654 -0.85008
-0.0676756 -0.997707
0.923341 -0.38398
-0.994378 0.105884
0.992753 0.120175
0.972106 -0.234542
-0.999993 -0.00369977
-0.999093 0.0425872
-0.764555 0.644559
-0.969451 0.245283
-0.856647 -0.515904
-0.985876 -0.167477
-0.962852 0.270031
-0.962937 -0.269728
0.955594 -0.294688
0.976327 -0.216299
-0.351738 0.936098
-0.999993 -0.00374528
0.998909 0.0466997
0.992152 0.125038
0.3764 -0.926457
0.5331 0.846052
0.999744 -0.0226151
0.968996 -0.247077
-0.994639 -0.103413
0.863511 0.504331
-0.990527 0.137315
-0.9493 0.314373
0.134206 0.990953
-0.64231 -0.766445
0.701249 0.712916
-0.17591 -0.984406
-0.94739 0.320083
0.999629 -0.0272315
0.988591 -0.150627
-0.969563 -0.244842
-0.999 0.0447204
-0.999613 0.0278156
0.996751 0.0805469
0.992716 0.120475
0.882466 -0.470376
0.580077 -0.814561
-0.258038 0.966135
0.920425 -0.390918
-0.740572 -0.671977
0.823175 -0.567788
0.355157 -0.934807
-0.707387 0.706826
-0.999291 -0.0376537
0.889716 -0.456515
0.999117 -0.0420084
-0.952545 -0.304398
-0.92426 -0.381763
0.997126 -0.0757652
0.820754 -0.571281
-0.99446 0.105119
-0.996478 0.0838491
0.998702 0.0509405
-0.998606 0.0527786
-0.954483 -0.298266
0.9917 0.128576
0.998165 -0.0605559
0.834816 -0.550529
-0.939453 -0.342677
0.988923 -0.148429
-0.785164 0.619288
0.985503 -0.169655
-0.981785 0.189993
-0.978898 -0.204348
0.99789 0.0649248
0.467381 -0.884056
0.96057 -0.278039
-0.974486 -0.224448
0.435766 0.90006
-0.993795 0.111227
0.986185 0.165645
-0.999466 -0.0326768
-0.966508 -0.256636
0.999436 0.0335759
-0.841571 0.540147
0.99965 -0.0264609
0.995098 0.0988982
0.999226 0.0393314
-0.986965 -0.160932
-0.976615 0.214994
0.999701 -0.0244427
0.964325 0.264722
0.994346 0.106193
0.999467 -0.0326448
-0.288829 -0.957381
0.836179 0.548457
