-0.0542012 0.99853
-0.998707 0.0508394
0.610577 0.791957
-0.0221046 0.999756
0.169938 0.985455
0.966986 -0.254828
0.714332 0.699807
0.959522 -0.281634
-0.272144 0.962257
-0.902281 0.431149
-0.624437 -0.781075
-0.982441 0.186575
-0.999228 -0.0392961
-0.337131 0.941458
-0.252269 -0.967657
0.0566891 0.998392
0.728729 0.684803
-0.827878 0.560908
0.182674 0.983174
-0.931167 -0.364594
-0.993077 -0.117464
-0.936372 0.351009
-0.959556 -0.281517
0.142961 0.989728
-0.209765 -0.977752
-0.150809 0.988563
-0.700163 0.713983
-0.537007 -0.843578
0.999694 -0.0247347
0.185935 0.982562
0.735075 0.677986
0.996123 0.0879753
0.743608 0.668616
-0.522046 0.852918
-0.436967 -0.899478
0.516961 0.856009
0.584044 0.811722
0.999748 -0.0224594
0.947271 -0.320434
0.629194 0.777248
-0.236904 -0.971533
0.57904 0.815299
0.303028 0.952982
0.97494 -0.222467
0.509341 -0.860565
0.147314 -0.98909
0.696024 -0.718018
-0.573165 0.81944
-0.969412 0.245439
0.815775 -0.578369
-0.624014 -0.781413
0.691916 -0.721978
-0.642621 0.766184
-0.606248 0.795275
-0.862736 0.505654
-0.920601 -0.390504
-0.97398 0.226633
-0.249325 -0.96842
-0.913448 -0.406956
0.861868 0.507133
-0.958801 0.284079
-0.84687 -0.5318
0.999389 0.0349531
0.879806 -0.475333
0.583277 -0.812274
-0.142056 0.989859
-0.810491 -0.58575
0.899559 -0.436799
0.991784 -0.127926
0.134328 0.990937
-0.217918 -0.975967
0.997193 0.0748766
-0.826968 -0.562249
-0.40094 -0.916104
-0.761224 0.648489
0.990309 0.138884
0.28629 0.958143
-0.997416 0.0718367
0.215575 0.976487
0.825161 -0.564897
0.678594 0.734513
0.392748 0.919646
-0.999436 0.033574
0.943846 0.330386
0.999369 -0.0355211
-0.716263 -0.69783
0.659202 -0.751966
-0.926033 -0.377442
-0.982691 -0.185254
0.84626 0.532771
0.99995 -0.0100109
-0.518107 -0.855316
-0.299742 0.95402
0.574488 -0.818513
-0.929446 0.368958
-0.580876 0.813992
0.952721 0.303846
-0.424765 0.905304
0.732987 0.680243
-0.779003 -0.62702
0.175457 0.984487
-0.68919 -0.72458
-0.428734 -0.903431
0.69737 -0.716712
0.475385 -0.879778
-0.314475 0.949266
0.999514 -0.0311582
0.096457 0.995337
0.49841 -0.866941
-0.0781739 -0.99694
0.300568 0.95376
-0.395341 -0.918535
0.104228 0.994553
-0.0639084 -0.997956
-0.0972384 -0.995261
0.377775 0.925897
0.764195 -0.644986
0.95543 -0.295218
-0.994958 0.100294
-0.996454 0.0841394
-0.995372 -0.096095
-0.994709 -0.102732
-0.90762 0.419792
-0.28122 -0.959643
0.626312 0.779573
-0.965917 0.258852
0.3003 -0.953845
0.539784 -0.841804
-0.724024 0.689775
0.999754 -0.0221576
0.970915 -0.239424
0.986689 0.162621
-0.178427 -0.983953
-0.161501 -0.986873
0.898143 0.439703
-0.801205 0.59839
0.970567 0.240832
0.999234 0.0391395
-0.101246 0.994861
0.873886 -0.48613
0.998588 -0.0531311
0.94245 0.334348
0.49188 -0.870663
-0.781628 -0.623745
-0.303628 -0.952791
0.976042 0.217584
0.111293 -0.993788
-0.769654 0.638461
0.236797 -0.971559
-0.017882 -0.99984
-0.97304 0.230637
0.913535 0.406761
-0.617842 0.786302
0.364498 -0.931204
-0.287117 0.957895
-0.637301 0.770615
-0.00856955 0.999963
0.0126897 -0.999919
0.963061 -0.269284
0.817341 -0.576154
-0.264305 -0.964439
-0.375267 -0.926917
0.421998 0.906597
0.824608 -0.565705
-0.279952 0.960014
0.507982 -0.861368
-0.995698 -0.0926619
-0.0449181 0.998991
0.922843 0.385177
-0.997516 0.0704363
0.54036 0.841434
0.796735 -0.604329
0.330431 -0.94383
-0.984923 -0.172996
-0.662444 -0.749112
0.532968 0.846135
0.229285 -0.973359
0.916639 -0.399716
0.492591 0.870261
0.31005 -0.95072
-0.935607 0.353044
0.699623 0.714512
-0.586768 0.809755
0.710557 0.70364
-0.785279 -0.619142
-0.997069 -0.0765095
0.743091 0.669191
0.60755 -0.794282
-0.13709 -0.990559
-0.977587 -0.21053
0.729597 0.683878
-0.805216 0.592981
0.973998 -0.226559
-0.787015 0.616934
0.939594 0.34229
0.956066 -0.293153
-0.750232 -0.661175
0.806872 -0.590726
0.601653 -0.798758
0.930282 0.366845
0.968022 -0.250867
0.245671 -0.969353
0.65764 -0.753333
0.256748 -0.966478
-0.15739 0.987537
0.0310148 -0.999519
-0.875965 -0.482374
0.948422 0.317011
0.253134 0.967431
-0.191714 0.981451
0.951698 0.307037
0.967669 0.252225
-0.615973 0.787767
0.407178 0.913349
0.549027 0.835805
0.0817175 0.996656
-0.904632 -0.426194
-0.689923 -0.723883
0.6937 0.720264
0.899837 0.436226
-0.251126 -0.967954
0.693942 -0.720031
-0.998592 -0.0530441
0.0258559 -0.999666
0.691076 0.722782
0.98509 0.172039
0.747171 -0.664632
0.454034 0.890984
-0.163171 -0.986598
-0.969542 -0.244924
0.849992 -0.526796
-0.691668 0.722215
-0.637046 -0.770826
0.0675266 -0.997717
0.395258 -0.91857
0.992216 0.124532
-0.89359 -0.448885
-0.504524 -0.863398
0.258664 -0.965967
0.823876 -0.566771
-0.957761 -0.287564
0.104707 -0.994503
0.921417 0.388574
0.0137599 0.999905
-0.984361 0.176164
-0.952719 -0.303852
0.288479 -0.957486
0.259092 -0.965853
-0.0195096 -0.99981
-0.015853 0.999874
0.999799 -0.0200713
-0.14804 0.988981
-0.324865 0.945761
-0.288236 0.957559
-0.361374 -0.932421
0.398041 0.917368
0.920573 -0.390571
-0.515593 0.856833
0.0198118 0.999804
0.35922 0.933253
0.662312 -0.749228
0.821758 0.569837
0.440993 -0.897511
0.931121 -0.36471
-0.384757 0.923018
-0.869272 0.494334
0.934728 -0.355364
0.912899 -0.408185
0.98915 0.146909
0.728856 0.684667
0.091836 0.995774
-0.365903 -0.930653
-0.923462 0.383689
0.554682 -0.832063
0.915558 0.402185
-0.27477 -0.96151
-0.384681 -0.92305
-0.570726 -0.821141
-0.230952 0.972965
0.6815 -0.731818
0.636969 -0.770889
-0.849701 0.527264
-0.628112 0.778123
0.445213 0.895425
-0.936321 0.351144
0.826011 -0.563655
0.766522 -0.642218
-0.803948 0.5947
-0.365971 0.930626
0.651955 -0.758258
-0.32865 0.944452
-0.911952 0.410298
0.902785 -0.430093
0.629919 -0.776661
-0.900669 0.434507
0.908237 0.418457
0.88313 -0.469129
-0.750688 -0.660657
-0.246086 -0.969248
0.596542 0.802582
-0.025592 0.999672
0.975989 -0.217822
-0.994796 -0.101884
-0.847471 -0.530842
0.106116 0.994354
-0.291122 0.956686
-0.839638 0.543146
-0.647093 -0.762411
0.942053 -0.335464
-0.976108 -0.217284
-0.131921 0.99126
-0.34821 0.937416
-0.808118 -0.58902
0.995315 -0.0966844
-0.907788 -0.419429
-0.752939 0.65809
0.761897 -0.647699
0.225199 -0.974313
0.0101399 0.999949
0.99939 0.0349206
-0.201417 -0.979506
-0.999999 0.00148575
-0.941453 -0.337144
-0.0375329 0.999295
-0.354549 -0.935038
-0.52127 0.853392
-0.994026 -0.109144
0.382346 -0.924019
0.976113 0.217262
0.635412 0.772173
-0.99141 0.130787
-0.846095 -0.533033
-0.95911 -0.283033
-0.261204 0.965284
-0.685443 -0.728126
0.0961993 0.995362
0.760818 -0.648965
0.997183 -0.0750062
0.855326 0.518091
-0.033759 -0.99943
-0.904104 -0.427313
-0.695118 -0.718896
-0.354278 0.93514
-0.971166 -0.238403
-0.771064 0.636757
0.944977 -0.327137
0.904502 -0.426469
-0.805641 -0.592404
-0.466584 -0.884477
-0.995606 0.0936407
-0.908299 -0.418321
-0.749522 0.66198
0.526368 0.850257
0.994548 0.104276
0.999911 0.013306
0.94204 0.3355
-0.120189 -0.992751
0.187951 0.982178
0.430658 -0.902515
0.915043 -0.403356
0.920261 0.391304
0.0386845 -0.999251
-0.713776 0.700374
-0.438167 0.898894
-0.436532 0.899689
-0.936985 0.349369
-0.357472 -0.933924
-0.97335 -0.229323
0.0184721 0.999829
-0.919277 -0.393612
0.645295 0.763933
0.0699547 -0.99755
-0.834075 -0.551651
-0.0294976 0.999565
-0.99916 -0.0409771
-0.997152 -0.0754225
-0.17105 0.985262
-0.985305 0.170801
0.139025 -0.990289
0.84163 0.540055
-0.998674 -0.0514893
0.28181 -0.95947
0.988447 -0.151569
-0.161277 -0.986909
-0.611062 -0.791582
-0.614667 -0.788787
-0.975269 0.22102
0.0495122 0.998774
0.803332 0.595531
0.853304 -0.521414
0.898982 -0.437986
-0.994376 0.105903
0.500927 0.86549
0.976127 -0.2172
-0.0949685 0.99548
0.0964007 0.995343
0.147469 -0.989067
0.876395 -0.481593
0.67988 0.733323
0.118936 -0.992902
-0.453316 -0.89135
-0.696771 0.717293
-0.721864 0.692035
-0.243648 -0.969864
0.0134951 -0.999909
0.983187 -0.1826
0.995615 0.0935464
0.301711 0.953399
0.498676 0.866788
0.966841 0.25538
0.385236 -0.922818
-0.254634 0.967038
-0.988902 -0.148568
-0.948277 -0.317444
-0.973649 -0.228052
-0.415156 -0.90975
0.758559 -0.651604
-0.855776 0.517346
0.117759 0.993042
-0.514761 -0.857334
-0.619573 0.784939
-0.274792 -0.961504
0.0546926 0.998503
0.606593 0.795012
-0.994946 0.100412
-0.47539 -0.879775
0.114848 0.993383
-0.792417 0.60998
-0.920888 -0.389826
0.910008 0.41459
0.667279 0.744808
-0.0205459 -0.999789
0.606954 0.794737
0.754451 -0.656356
0.424212 0.905563
-0.371701 0.928353
0.398585 0.917131
0.165609 -0.986191
-0.425037 0.905176
-0.295057 0.95548
0.984715 -0.174173
0.74606 0.665878
0.452744 -0.891641
0.672268 0.740307
0.870108 -0.492861
-0.0080553 -0.999968
0.306387 0.951907
0.80927 0.587436
-0.498562 0.866854
-0.0234659 0.999725
0.838257 0.545275
0.770263 0.637726
0.331649 -0.943403
-0.599072 0.800695
0.794542 -0.607209
-0.922517 0.385956
-0.999897 0.0143529
-0.781866 0.623447
-0.220157 0.975464
-0.144271 0.989538
-0.999175 0.0406209
-0.696521 -0.717537
0.898657 0.438652
-0.614217 -0.789137
0.603894 0.797065
-0.554096 -0.832452
-0.529036 -0.8486
0.984928 -0.172963
-0.822534 0.568716
0.678827 -0.734298
-0.993413 0.114585
-0.532093 0.846686
-0.0852829 0.996357
0.737128 -0.675753
-0.0287031 0.999588
-0.106727 -0.994288
-0.932863 -0.360232
0.779722 -0.626126
0.221553 -0.975148
-0.875729 0.482804
-0.994869 -0.10117
0.236358 0.971666
0.472192 -0.881496
0.623471 0.781847
-0.0426736 0.999089
-0.737766 0.675056
0.991649 -0.128967
0.00962292 0.999954
0.891467 -0.453086
-0.952941 0.303157
-0.833841 0.552004
-0.256173 0.966631
0.0900634 -0.995936
-0.936135 0.351641
-0.554521 0.83217
-0.603696 -0.797215
-0.921701 0.387902
-0.821681 0.569948
-0.791428 -0.611262
0.99591 0.0903491
-0.983327 0.181848
-0.99887 -0.047531
0.117711 -0.993048
0.948651 0.316325
0.827245 0.561841
0.931 -0.365019
-0.472605 -0.881275
0.675319 -0.737526
0.822938 0.568132
0.0535978 -0.998563
-0.0429986 -0.999075
0.999438 -0.0335108
0.746188 0.665736
-0.948419 -0.31702
0.437874 0.899036
-0.618484 -0.785798
0.896243 0.443564
-0.074439 0.997226
-0.15117 -0.988508
0.0899315 0.995948
0.750221 0.661187
-0.268829 0.963188
-0.829346 0.558735
0.301959 0.953321
-0.322933 0.946422
-0.307464 -0.95156
0.816582 -0.577229
0.52129 0.853379
-0.925987 0.377555
-0.249694 -0.968325
0.0290481 -0.999578
-0.98763 0.156804
-0.949068 0.315072
0.548127 -0.836395
0.258057 0.96613
-0.855548 -0.517724
-0.990151 -0.140004
0.197055 0.980392
-0.780606 0.625024
-0.688015 -0.725697
-0.588026 -0.808842
-0.36132 0.932442
0.97979 -0.200031
0.326782 -0.9451
-0.844657 -0.535308
0.535686 -0.844417
-0.529918 -0.848049
-0.926384 0.37658
-0.438797 -0.898586
0.361674 0.932305
0.991346 -0.131273
0.0211971 -0.999775
0.664271 0.747492
-0.837437 0.546535
0.919716 -0.392585
0.992041 -0.125915
0.991895 -0.127058
-0.727445 0.686166
0.257636 0.966242
-0.513093 -0.858333
-0.289155 -0.957282
-0.725561 0.688158
0.353618 0.93539
0.82409 0.566459
0.737386 -0.675471
0.0349796 -0.999388
-0.115859 0.993266
-0.733627 -0.679552
0.594396 0.804173
0.827074 0.562093
0.994338 -0.106264
0.320654 -0.947196
0.383027 -0.923737
0.29317 -0.95606
0.613102 0.790003
-0.816596 -0.57721
-0.150989 0.988535
0.97541 -0.220399
0.192829 0.981232
-0.999929 0.011889
-0.945759 -0.324869
-0.546451 0.837491
0.999924 0.0123172
-0.173785 0.984784
0.808373 0.588671
0.536284 0.844038
0.601552 0.798834
-0.958691 -0.284451
0.993803 0.111154
-0.942805 0.333344
0.809825 -0.586671
0.657374 0.753564
0.739521 0.673134
0.0141989 -0.999899
-0.648852 -0.760914
0.964737 -0.263217
0.714395 0.699743
-0.848307 -0.529504
0.958276 0.285843
-0.915289 -0.402798
-0.0578263 0.998327
0.332019 -0.943273
-0.999711 0.0240526
0.870596 0.491998
0.857905 0.513808
-0.944921 -0.327297
0.998096 0.0616781
-0.945961 0.324281
-0.628325 0.777951
-0.0796639 -0.996822
0.997227 0.0744204
0.494053 -0.869432
-0.847768 -0.530367
-0.898355 0.43927
0.989425 -0.145045
-0.452491 -0.891769
-0.234049 -0.972225
-0.17686 -0.984236
0.297425 -0.954745
0.961262 0.275637
0.498958 0.866626
0.773338 0.633994
0.237052 0.971497
-0.828801 -0.559543
-0.194476 0.980907
-0.420704 0.907198
-0.538983 -0.842317
-0.451502 0.89227
-0.737471 0.675379
-0.616584 0.787289
0.521593 0.853195
0.142539 -0.989789
0.998331 -0.0577554
-0.172877 -0.984944
0.165295 0.986244
-0.998009 -0.0630744
0.177184 0.984178
-0.594779 -0.803889
-0.951649 0.307189
0.896851 0.442333
0.63667 0.771137
-0.834746 0.550635
0.996564 -0.0828278
0.998848 -0.0479829
0.930872 0.365347
-0.711368 -0.70282
0.986915 0.161239
-0.808705 0.588214
0.693647 0.720315
-0.546231 -0.837635
-0.969081 0.246742
-0.445473 0.895295
0.527849 0.849338
0.505223 0.862989
-0.996922 0.0783993
-0.33913 -0.940739
-0.450604 0.892724
-0.842513 0.538676
-0.914377 -0.404864
0.29034 -0.956923
0.791349 0.611365
-0.581107 0.813827
-0.876853 0.480759
-0.734588 -0.678513
0.979231 -0.202746
0.767425 -0.641138
0.3014 0.953498
-0.304175 0.952616
-0.42729 -0.904115
-0.991814 -0.12769
0.917474 0.397795
0.357885 -0.933766
0.0329317 -0.999458
-0.85968 -0.510832
0.923015 -0.384764
-0.959786 0.280731
-0.87043 -0.492292
-0.724432 0.689346
0.303273 -0.952904
0.189496 -0.981881
0.484996 0.874516
0.804002 0.594626
0.966007 0.258514
0.607383 -0.794409
-0.922885 -0.385075
0.0869855 0.99621
0.118238 0.992985
0.881735 0.471745
0.99839 -0.0567208
0.510698 0.85976
-0.834376 0.551196
0.987197 0.159507
0.238152 -0.971228
-0.965845 -0.25912
-0.894852 -0.446362
-0.851036 0.525107
0.426552 0.904463
-0.998809 0.0487945
0.357892 0.933763
0.975954 -0.217975
0.936671 -0.35021
-0.43738 0.899277
-0.873246 0.487279
0.938271 0.345901
0.900747 0.434345
0.594147 0.804357
-0.896168 -0.443714
0.358269 -0.933618
0.370089 -0.928996
0.900003 0.435884
0.512424 0.858733
-0.253494 0.967337
0.266317 -0.963886
0.378135 -0.925751
-0.9954 -0.0958046
-0.988608 -0.150513
0.744391 0.667744
0.928611 0.371054
0.991039 -0.13357
0.714702 0.699429
0.601309 -0.799017
-0.752211 -0.658923
-0.594756 0.803906
-0.683567 -0.729888
0.995493 0.0948361
0.0918623 0.995772
0.355844 -0.934545
0.0423689 -0.999102
0.820553 0.57157
-0.340389 -0.940285
-0.579061 0.815284
-0.992997 0.118137
-0.733472 -0.67972
0.0664824 -0.997788
0.561484 -0.827487
-0.314129 -0.94938
-0.480554 -0.876965
-0.745635 -0.666355
-0.714197 0.699944
-0.930163 0.367146
0.98531 0.170774
-0.554535 0.83216
-0.97571 0.219067
0.933054 0.359736
0.563195 0.826324
0.669383 0.742917
0.203799 -0.979013
0.395042 0.918663
0.383934 0.923361
-0.553349 0.832949
0.26832 -0.96333
0.0869968 -0.996209
-0.938572 -0.345082
-0.269932 0.962879
-0.0424971 -0.999097
0.861037 -0.508542
-0.665392 0.746494
0.999619 -0.0275873
0.643278 0.765632
-0.739606 0.67304
-0.964606 0.263695
-0.544425 0.83881
-0.383764 -0.923431
-0.788302 0.615288
0.808284 -0.588793
-0.721637 -0.692271
0.455778 0.890094
-0.763744 -0.645519
-0.428903 -0.903351
-0.847465 -0.530852
-0.780205 -0.625524
-0.963504 -0.267696
-0.890934 0.454133
0.987506 0.157581
0.609471 -0.792809
-0.235241 0.971937
0.654999 -0.75563
0.967922 -0.25125
-0.488618 -0.872498
-0.100025 -0.994985
-0.317089 -0.948396
-0.694457 -0.719534
0.417734 -0.908569
0.769809 0.638274
0.922318 -0.386432
-1 0.000291387
-0.0563225 0.998413
-0.838257 -0.545276
-0.466183 0.884688
-0.579428 -0.815024
-0.344884 -0.938645
-0.887639 0.46054
-0.809444 0.587197
0.400074 -0.916483
0.950326 0.311256
-0.00728807 -0.999973
0.318999 0.947755
-0.998516 0.054463
-0.121411 -0.992602
-0.259412 -0.965767
-0.629132 -0.777299
0.973624 0.228157
-0.825039 -0.565076
-0.11214 0.993692
-0.695878 0.71816
-0.995828 0.0912547
0.285598 0.95835
0.619298 0.785156
-0.33653 -0.941673
0.43287 0.901456
-0.518829 0.854878
-0.998636 0.0522193
-0.334418 -0.942425
0.830024 -0.557727
0.229505 -0.973307
0.298432 0.954431
-0.534903 -0.844913
0.866676 -0.498871
-0.999098 -0.0424609
0.616414 0.787422
0.654708 -0.755882
0.998371 -0.0570592
0.534351 -0.845263
0.989538 0.144271
-0.849577 -0.527465
0.129917 0.991525
-0.787115 0.616806
-0.834471 -0.551052
0.333759 0.942658
-0.153869 0.988091
0.997304 -0.0733862
-0.324948 -0.945732
-0.740004 0.672603
-0.501334 -0.865254
-0.868431 -0.495811
0.821498 0.570212
-0.570829 -0.821069
-0.996654 -0.0817407
-0.359691 0.933071
0.999149 -0.0412396
-0.323639 0.946181
-0.702237 -0.711943
-0.882334 -0.470624
0.544313 0.838882
0.0928767 -0.995678
-0.666923 0.745127
0.961121 0.276127
-0.940456 -0.339916
0.6149 0.788605
0.960342 -0.278826
-0.188212 0.982128
0.824543 -0.565799
-0.997859 0.065395
0.997893 0.0648765
0.324029 -0.946047
0.113278 -0.993563
0.921251 0.388968
-0.894206 -0.447657
-0.108692 0.994076
0.958649 0.284591
-0.901536 0.432705
-0.968946 0.247274
-0.287515 0.957776
-0.48445 -0.874819
-0.395213 -0.918589
-0.975632 0.219414
-0.969542 -0.244926
-0.19436 0.98093
-0.449389 -0.893336
0.79671 -0.604362
0.131307 -0.991342
0.48789 0.872905
0.178397 0.983959
0.456415 0.889767
-0.843812 0.536638
0.921556 -0.388246
0.929225 -0.369515
-0.996627 -0.0820589
-0.671867 -0.740672
-0.927514 0.373787
0.986129 -0.16598
-0.848232 0.529624
0.234347 0.972153
-0.139766 -0.990185
0.118993 0.992895
-0.635853 0.77181
0.443603 0.896224
-0.872964 -0.487784
-0.618316 -0.785929
0.46181 -0.886979
0.640121 -0.768274
-0.686432 0.727194
-0.762938 -0.646472
-0.689141 0.724627
-0.955849 0.293858
-0.775658 0.631153
-0.984404 -0.175921
0.957713 -0.287725
0.90987 -0.414892
0.0500331 0.998748
0.960131 0.27955
-0.950194 -0.31166
-0.787375 -0.616474
0.293332 0.956011
0.86375 0.503921
0.565955 0.824436
-0.297256 -0.954798
0.745226 -0.666812
0.210385 -0.977619
-0.746729 -0.665128
-0.903036 0.429566
-0.643525 0.765425
-0.658257 0.752794
0.721705 -0.6922
-0.957578 0.288174
-0.880714 0.473648
-0.226702 0.973964
-0.937481 0.348037
-0.763323 0.646017
0.819853 -0.572575
-0.0405119 -0.999179
-0.123793 0.992308
0.803999 0.59463
-0.360128 0.932903
-0.92768 0.373376
0.895596 -0.444868
-0.836264 0.548327
0.246503 -0.969142
0.859828 0.510583
-0.549915 -0.83522
0.826996 0.562208
0.778589 -0.627534
0.983674 0.17996
-0.992371 0.123291
-0.490458 -0.871465
-0.83849 0.544918
-0.9081 0.418754
0.821341 -0.570437
-0.902392 -0.430917
-0.889447 0.457039
0.986557 0.163417
0.905843 0.423613
0.991497 -0.130132
0.676389 0.736545
-0.993549 0.113403
-0.154458 -0.987999
-0.692855 -0.721077
0.93566 0.352902
-0.1593 0.98723
-0.729234 -0.684264
0.499629 -0.86624
0.421519 -0.90682
-0.775107 0.63183
0.752527 -0.658562
0.220743 -0.975332
0.730383 0.683038
0.988436 -0.151637
-0.99997 0.00773767
0.925247 -0.379365
0.809885 0.586589
-0.65393 -0.756555
0.648131 -0.761529
0.12372 0.992317
0.392581 -0.919718
-0.851997 -0.523546
0.981052 -0.193746
-0.0206631 0.999786
0.902789 0.430083
0.40966 0.912238
-0.0610245 -0.998136
-0.275636 -0.961262
-0.988464 -0.151458
-0.069446 -0.997586
0.872913 -0.487876
-0.954781 0.29731
-0.895435 -0.445192
0.98936 -0.14549
0.395574 0.918434
-0.99995 0.0100404
-0.155837 -0.987783
0.949331 0.314277
0.966926 -0.255058
0.982323 -0.187196
-0.754463 0.656343
-0.0891806 -0.996015
0.178689 -0.983906
0.908456 0.417981
-0.480516 0.876986
0.561178 0.827695
0.186977 0.982364
0.901983 0.431771
-0.733489 0.679702
0.224954 0.974369
-0.596154 0.80287
-0.884456 -0.466624
-0.980656 -0.195737
0.594275 0.804262
-0.99998 -0.00627956
-0.811019 -0.58502
-0.767576 0.640958
