-0.328446 -0.0081271 -0.295864 0.896951
0.897696 -0.382911 -0.184404 -0.116257
-0.587857 -0.690095 -0.416911 0.0661689
-0.721646 0.537247 0.32601 -0.290361
-0.427067 -0.537254 0.694479 0.216035
0.842687 -0.273866 0.30786 0.346553
0.249398 0.153769 0.878995 -0.376197
0.464801 0.540775 0.399741 -0.57596
0.747809 0.627084 -0.0640222 0.208443
-0.331462 0.187923 -0.795711 0.470809
-0.134516 -0.427249 0.85949 0.246254
0.23183 -0.728561 0.447116 0.464264
-0.824726 0.0518282 0.503919 -0.251408
0.433988 0.583371 0.68537 0.0400082
0.481311 0.146073 0.721251 0.476234
-0.282237 0.076338 -0.659074 -0.692919
0.212186 0.295672 0.221698 -0.904657
0.682804 -0.633162 0.334422 -0.145077
-0.351999 -0.750322 0.251311 -0.499956
0.713159 0.681365 -0.12791 0.103856
0.346553 -0.683258 0.606028 0.213986
-0.0443945 0.487454 0.188448 0.851414
0.111009 -0.162661 0.504835 -0.840452
-0.0774709 -0.187793 -0.952625 -0.226358
0.0173291 0.362895 -0.380285 -0.850523
-0.509563 0.630379 -0.376379 -0.448671
-0.115758 -0.763703 0.0158165 -0.634908
-0.279585 0.554709 0.694723 0.362616
-0.245553 0.372024 -0.652556 0.612758
0.123103 -0.376146 0.874548 -0.280226
0.747406 0.569013 -0.179628 -0.292134
-0.671442 -0.666551 -0.234605 -0.223241
0.401494 0.0510572 0.904209 -0.136387
0.00722007 -0.44606 -0.228405 -0.865337
-0.807508 0.363619 -0.111563 -0.450849
-0.883785 -0.295343 0.101723 0.348351
-0.193388 -0.633906 -0.452877 -0.596377
0.834953 0.491255 -0.233682 -0.0831504
0.237152 -0.639912 0.622664 0.382834
0.493727 -0.212404 0.783928 -0.310767
0.396265 0.222088 -0.889693 0.045797
0.146741 -0.871987 0.45594 0.101119
0.0207316 -0.118938 -0.480542 0.868622
0.124359 -0.489829 0.249049 0.826182
-0.113376 -0.0986898 0.949043 -0.276989
0.361305 0.0243046 -0.451418 0.815531
0.585391 -0.773716 -0.218306 0.104991
0.698082 -0.0547201 0.332083 -0.631987
-0.0920827 0.597445 -0.71148 -0.358298
0.139833 0.361625 0.890521 -0.238007
-0.643977 0.591431 -0.466099 -0.135112
-0.566918 -0.293155 0.539634 -0.549053
0.638188 -0.619569 -0.38656 -0.243763
-0.918281 -0.124972 0.130405 -0.352329
-0.709298 0.284642 0.628119 0.146088
-0.65949 0.423015 -0.615037 0.0886553
-0.112066 -0.706557 0.593344 -0.369001
0.294016 -0.770815 0.56171 0.0622882
-0.346637 0.452007 0.201584 0.796804
-0.290898 0.15121 -0.779265 -0.534098
-0.525696 0.78843 0.285151 0.143912
0.474288 0.0716756 -0.856885 -0.188842
-0.760582 0.445945 -0.4059 0.24061
0.865929 -0.279662 0.38376 0.157114
-0.189958 -0.213071 -0.951214 -0.117087
-0.718116 -0.460293 -0.416845 -0.314133
-0.452626 0.35664 0.638712 -0.509887
0.263775 0.887269 0.250921 0.283222
0.215842 -0.951916 -0.171058 -0.134189
0.739076 0.590794 0.0452184 -0.320445
0.210335 0.973772 0.0648982 0.0575855
-0.118269 -0.0153363 -0.965574 -0.23118
-0.309604 -0.470174 -0.36472 0.741661
0.858715 -0.307689 0.32306 0.252128
-0.837838 -0.0889609 -0.361266 0.399499
0.783473 0.18153 0.58541 0.102526
-0.989778 -0.0469646 0.0184198 -0.133396
-0.191548 -0.232638 -0.382988 0.873218
0.491456 -0.200092 0.79416 0.296218
-0.763475 0.340641 -0.318682 0.446666
-0.103101 0.991609 0.0779836 -0.000832902
0.394655 -0.469689 -0.534067 0.581732
0.0998258 -0.274876 -0.083555 -0.952626
0.295293 -0.158542 0.631286 -0.699388
0.935077 -0.311282 0.146635 -0.0850484
-0.546539 -0.651862 0.268688 0.45186
0.916606 -0.138197 0.302544 0.221814
0.0623685 -0.886177 -0.444117 -0.116449
0.276768 0.55156 0.481059 -0.622706
-0.375713 -0.790197 0.0977871 -0.474201
0.555778 -0.209436 -0.798815 -0.0956097
-0.475424 -0.417595 -0.652189 0.417415
0.341079 -0.349988 -0.484559 0.725518
0.287402 -0.501413 -0.681735 -0.448578
0.298461 -0.765604 -0.218874 0.52618
-0.476842 0.367781 -0.683913 -0.411852
-0.492953 0.351969 0.759771 -0.236353
-0.696422 0.335568 0.150103 -0.616328
0.516978 0.398847 -0.715168 -0.249378
0.0520708 0.792996 -0.603586 0.0642577
0.634013 -0.225733 0.736221 -0.0710709
-0.545526 0.829143 0.0987101 0.071968
0.879479 -0.452835 -0.138236 0.0484559
0.242881 0.792515 -0.321036 -0.45811
0.316043 0.882655 -0.0290435 -0.346689
0.664662 0.729323 -0.144644 0.0734126
-0.0364045 0.985995 0.160798 0.025169
-0.265354 -0.117236 0.950211 -0.113761
-0.622231 -0.342028 -0.137863 0.690536
0.182075 -0.633693 -0.332074 -0.674543
0.834484 -0.0253347 -0.418405 0.357675
0.726798 0.180711 -0.620399 -0.232837
-0.166736 0.699625 0.666971 -0.194612
0.342947 0.121342 -0.929802 0.0559684
-0.116893 0.301125 0.931203 0.168883
0.870849 -0.161193 0.279821 0.370593
-0.394766 -0.457779 0.685886 0.405165
-0.574294 -0.0181843 -0.228573 -0.785882
0.853576 -0.287419 -0.428482 0.0721195
-0.292708 0.940427 -0.0785534 -0.154105
0.432308 -0.744707 0.0996663 0.498586
0.716765 0.424894 0.0757601 -0.547698
0.118075 -0.940188 -0.295199 0.122322
0.213994 0.816499 0.324946 -0.426551
0.479828 0.22745 0.798961 -0.282299
0.644011 -0.0381811 -0.00672452 -0.764034
0.198165 -0.244418 -0.91371 -0.257147
0.721497 -0.437898 -0.480604 0.238133
-0.673444 0.132823 -0.0877413 -0.721895
0.403087 -0.607766 0.449886 -0.515504
0.514518 0.515372 -0.310372 -0.611009
0.182297 -0.789254 -0.567428 0.147889
-0.807934 0.451142 0.244481 -0.289729
-0.088471 0.681518 -0.276184 0.671884
-0.502115 0.471213 -0.697335 0.198902
0.0982136 -0.717158 0.677134 -0.132396
-0.385952 0.629276 0.6506 -0.178247
-0.752951 -0.249992 0.608375 -0.0211766
-0.479877 -0.102255 -0.830556 0.263512
0.958055 0.0904043 -0.0786181 -0.260338
-0.0831742 -0.801242 -0.305891 0.507468
-0.738551 -0.290635 0.437867 -0.42231
0.176126 -0.509393 0.834965 -0.11105
0.296195 0.698444 -0.605116 0.241411
0.750771 -0.338433 0.211857 0.526235
0.651292 -0.537523 -0.524616 0.108003
0.610073 0.571 -0.549264 -0.00884429
-0.942598 -0.0650109 -0.150592 -0.29087
-0.270568 -0.759395 0.393517 -0.441879
0.277896 0.135699 -0.95074 0.021272
-0.206611 0.125798 -0.888925 0.388972
0.0490225 0.546218 0.285 -0.786141
-0.0898371 0.165848 0.98036 -0.0576072
-0.768858 0.339849 0.404396 -0.360312
0.827389 -0.189525 -0.521404 -0.0874321
-0.45049 -0.643353 -0.253431 0.564737
0.252546 -0.367928 0.385336 -0.807691
-0.793174 0.178223 0.0734318 0.577684
0.0442784 0.0134223 0.763377 -0.644294
-0.527442 0.703578 0.446115 0.166625
-0.52807 -0.572188 0.209124 0.591616
0.621869 0.12787 0.75634 0.157726
0.179284 0.865624 -0.305002 0.354296
0.442263 -0.566035 -0.0255161 -0.695239
0.291749 -0.279755 -0.626274 -0.666633
0.709257 -0.610007 0.278067 -0.218001
-0.120467 0.358338 0.915072 -0.140446
-0.864603 0.258447 0.224178 -0.367982
0.164618 -0.91956 -0.312888 0.171497
-0.0814107 0.0420991 0.994441 -0.0518446
-0.548314 -0.819233 0.111696 -0.12543
0.64323 -0.12095 0.754364 0.0506127
0.418993 -0.821165 0.074703 0.3802
0.101735 0.349543 -0.913132 0.183465
0.550535 0.681363 -0.326445 -0.355091
-0.41202 0.0141453 -0.757144 0.506727
0.164473 0.570372 -0.30215 0.745875
0.370885 -0.206695 -0.791204 0.440135
-0.681794 -0.277763 0.64021 0.219398
-0.31086 -0.313617 0.848679 -0.291125
0.132491 -0.138359 0.966667 -0.169874
0.252324 -0.817868 -0.412789 -0.311497
0.721339 -0.420227 -0.53611 0.125161
0.594051 -0.00362117 -0.539197 -0.596956
0.260204 -0.390249 -0.728671 -0.499037
-0.707902 0.588615 0.298658 -0.251415
-0.416358 -0.888336 0.189132 0.0416387
0.326868 0.75212 -0.328472 -0.468593
-0.611793 -0.563443 0.135048 -0.53852
0.546377 -0.299222 -0.667113 0.408533
0.177082 -0.409346 -0.884668 0.135798
0.294555 0.440005 0.0246173 0.847955
0.423647 -0.880519 -0.0199747 -0.211682
-0.431464 -0.367562 -0.0481834 0.822445
-0.852539 0.142137 0.261667 0.429541
-0.530625 0.121584 -0.813702 -0.203822
0.359069 0.233587 -0.880659 -0.202351
-0.471729 -0.790706 -0.360572 0.149144
-0.497776 -0.200508 0.76128 -0.363962
-0.21247 0.0760359 -0.824971 0.518168
0.145861 -0.453658 -0.334047 0.813223
-0.0416927 -0.0564502 0.997344 0.0194937
-0.890786 0.28961 -0.293903 0.190389
-0.532475 -0.185951 0.119282 -0.817107
0.643103 0.0712035 -0.596252 -0.475218
-0.678327 -0.443422 0.539363 0.228774
0.736275 -0.118516 0.0367591 0.665208
-0.566017 0.11071 -0.675308 -0.459704
-0.567932 0.359679 0.722389 -0.161979
0.170708 0.919662 -0.353566 -0.00852175
0.0907732 0.105533 -0.447025 -0.883624
0.140886 -0.347691 0.926954 -0.00428692
-0.256815 0.328764 -0.908305 0.0306973
0.316001 -0.768978 0.546088 -0.102976
0.537707 0.0587208 0.619825 0.568542
0.881451 0.147723 -0.403596 0.195787
-0.771949 0.468693 -0.428471 -0.0288775
0.617573 0.226995 0.683571 0.315924
-0.399028 -0.281357 -0.781405 0.388614
-0.487913 0.564437 0.485229 0.455966
0.811243 0.0246495 -0.48832 0.320656
-0.554578 0.00408177 -0.413255 0.722251
0.423688 0.147692 -0.778174 -0.439455
0.117572 -0.0620904 -0.991118 -0.00265115
-0.318405 0.800462 -0.0504427 -0.505307
-0.260747 0.426398 -0.571395 -0.650925
-0.767314 0.074718 0.626177 0.116398
-0.804266 -0.0590854 0.495903 -0.322095
0.202734 -0.630412 0.387026 0.641631
0.112118 0.602096 0.749165 -0.252313
-0.086855 -0.162582 -0.883316 -0.431017
-0.150468 0.680746 0.111934 -0.708107
0.17966 0.0565421 -0.904821 -0.381869
-0.30489 0.550495 -0.098434 -0.770914
0.122475 -0.885948 -0.431643 0.117392
-0.413546 -0.471961 0.401295 -0.667229
0.767799 0.324482 0.336382 0.438227
-0.312093 -0.797388 0.516214 -0.0171122
-0.317222 -0.78619 -0.529963 -0.0203631
0.375765 0.591686 -0.0357231 0.712343
-0.819795 -0.380733 -0.427278 -0.0202805
-0.397813 0.792287 -0.455821 0.0790835
0.934222 -0.254337 -0.120985 -0.218872
-0.380279 0.278003 0.67267 -0.570629
-0.648312 0.553026 0.17371 0.493637
0.538799 -0.394696 0.680181 0.302101
0.734319 -0.477318 0.413673 -0.248631
-0.219698 0.7099 0.669108 0.00836765
0.173372 0.441534 0.308848 0.82438
0.85356 -0.221233 0.420537 0.213634
-0.991868 -0.0505347 0.0276624 0.113487
0.483199 0.70112 -0.521463 -0.0549952
0.841397 0.316909 -0.302171 -0.316722
0.659586 -0.316301 -0.57579 0.365193
-0.497349 0.334222 0.736662 0.313479
-0.876758 -0.01803 -0.247614 -0.411894
0.167959 -0.445034 0.592968 -0.64971
0.271942 0.961233 -0.039358 0.0230356
-0.346381 0.207552 -0.627876 -0.665368
-0.832288 -0.177954 -0.0827268 0.518445
-0.341811 0.495668 -0.631341 -0.488761
-0.617044 -0.0617779 -0.549459 0.559942
-0.0679008 -0.366944 -0.912174 -0.169351
0.478331 0.287404 -0.814407 -0.159186
-0.557877 0.0378773 0.129471 -0.818887
-0.405703 0.902724 0.0364791 0.138435
-0.627127 -0.239525 -0.592098 0.445824
0.457818 0.233527 -0.839451 0.176609
0.226549 -0.59137 0.664758 -0.396301
0.347834 -0.336498 -0.54592 -0.683924
0.459346 -0.638832 0.11989 0.60541
-0.102087 -0.777022 0.459513 -0.417927
-0.735467 0.103255 0.191638 0.641639
0.471566 -0.293066 -0.527955 -0.642652
-5.29503e-05 0.294128 0.955241 -0.0316821
-0.446139 0.263616 -0.679335 0.519587
-0.126447 0.921387 0.053903 0.363526
-0.179589 -0.532045 -0.410645 0.718364
0.209059 0.449662 0.295974 -0.816393
-0.201388 -0.951703 -0.231433 0.0119087
-0.115664 0.572627 0.65073 0.485047
0.530296 -0.356027 -0.769314 -0.0136826
-0.623656 0.580732 -0.31168 -0.420308
0.417956 0.810561 0.0947279 -0.399162
-0.508253 -0.817049 0.154846 -0.223902
-0.486427 0.317394 0.6536 0.48524
-0.774619 0.596615 -0.12689 0.16708
0.336727 0.262499 -0.764429 0.48307
0.795379 0.464096 0.12377 0.369688
-0.931825 0.161861 0.200614 -0.255455
-0.381281 0.918621 0.0274327 0.100039
-0.770583 -0.463093 0.0527233 0.434703
-0.502741 0.358264 -0.290393 -0.731143
-0.102092 0.590061 -0.502555 0.623574
-0.146596 -0.287381 -0.853602 0.409005
0.20349 -0.448178 0.870178 -0.0227845
0.572462 0.551874 -0.544661 -0.266583
-0.911467 -0.163954 0.376678 0.0214842
0.696757 0.0959411 -0.70453 0.0946737
-0.211171 -0.163038 -0.779649 -0.566545
-0.106512 -0.662165 0.28691 -0.684015
-0.419497 -0.0199063 -0.73282 0.535352
0.109265 0.385189 -0.583706 -0.706383
0.411156 0.666153 0.621915 0.0203108
-0.871363 0.394238 -0.288267 0.0469678
-0.409876 -0.400264 -0.783825 0.239602
0.0679461 -0.570085 0.470789 -0.669884
0.544509 0.637017 -0.53304 0.116565
0.269858 -0.0292061 0.679957 -0.681163
0.205977 0.294641 0.0339783 -0.932526
0.101687 0.595447 -0.674914 -0.423785
0.072139 -0.269355 -0.918844 -0.279232
0.828531 -0.165428 -0.316484 0.431286
0.616505 0.128151 0.697967 0.341088
-0.437492 0.806137 -0.307957 0.252797
-0.711073 -0.496443 -0.495988 -0.0437653
0.0968097 -0.59511 0.791181 -0.102497
-0.11591 0.139744 0.317546 0.930699
0.142508 0.589494 0.52575 0.596469
0.119572 0.0949238 -0.91201 -0.380696
-0.0555261 -0.354643 0.72131 -0.592332
0.754883 -0.428922 -0.455408 -0.196931
0.0941987 0.0749794 -0.851658 0.510082
-0.654662 -0.748913 0.0630272 0.0810818
0.392484 0.802093 -0.401181 0.2041
0.611725 0.0255558 0.757611 -0.226198
0.0843995 0.262334 -0.405717 -0.871465
-0.480805 -0.171864 0.320474 -0.797863
-0.860252 0.47968 -0.0390442 0.16837
0.311688 -0.310066 0.886237 -0.145926
0.715849 -0.316622 -0.124906 0.60968
0.365795 0.0546334 0.892456 -0.258326
0.0513008 -0.138052 -0.093394 -0.984676
-0.160816 -0.391125 -0.897662 -0.123946
-0.178537 0.581082 0.745875 -0.272284
-0.568695 0.261068 0.721003 0.297631
0.309853 -0.0877565 0.362358 0.874635
0.277854 0.663274 0.100909 0.687519
0.582766 0.542092 0.603028 0.0536417
0.64228 -0.0259378 -0.765969 0.0097933
-0.108631 -0.332239 0.852631 0.388378
-0.652047 -0.181294 0.243976 0.694581
0.859986 0.442763 -0.248824 0.0497166
-0.709286 0.610926 0.203524 0.286812
-0.248529 0.265464 0.37039 0.854736
-0.249374 0.0814221 -0.325492 -0.908426
0.0107506 0.0789161 -0.995192 -0.0570025
-0.63598 -0.547313 0.298498 0.454836
-0.907814 -0.0408874 0.142259 0.392383
0.0133419 0.773097 0.583911 0.247367
-0.437005 -0.795703 -0.309939 -0.282528
-0.105075 0.518138 0.207432 -0.823082
-0.487466 0.476839 0.672164 -0.288439
-0.927436 0.119536 -0.18032 0.305056
0.365578 0.794103 -0.146174 0.463019
0.224397 0.257214 0.0560357 -0.938268
0.951618 0.170702 0.0469702 0.251152
0.143218 -0.564901 -0.213661 -0.784044
-0.484652 -0.86819 0.0615904 0.0869793
0.694801 0.656805 -0.291281 -0.0318355
0.26675 0.437718 0.569709 0.642401
-0.566682 -0.224419 0.764266 -0.210727
-0.776919 0.225886 -0.584165 0.0642148
-0.944526 0.322437 0.0563602 0.0269801
0.307186 -0.726456 -0.52326 0.322642
0.760177 -0.52995 -0.140595 0.348592
-0.0151225 -0.722836 0.236376 -0.649157
0.624189 0.0171753 0.747768 0.22569
-0.56744 0.687432 0.0719374 0.44752
-0.388051 -0.74709 0.156263 0.51658
-0.252468 0.018343 0.444816 0.859105
-0.488422 0.340104 0.717485 0.361923
-0.757116 0.0018826 0.497072 0.4239
0.882804 -0.110534 0.400417 0.219328
-0.873203 0.154039 0.0285466 0.46149
-0.35104 -0.320405 -0.185424 0.860076
-0.209705 -0.475063 0.783228 -0.341895
-0.768163 0.00919669 -0.0369077 -0.639123
0.649632 -0.471863 -0.437583 0.404778
-0.428951 -0.0446064 -0.00792265 -0.902191
-0.718261 -0.181794 -0.512783 -0.433712
-0.798287 0.436431 -0.0877854 0.405658
-0.90378 -0.0134995 -0.00145838 -0.427782
0.28374 0.136763 0.736009 0.599231
0.286274 0.174141 0.0322103 -0.941639
-0.123463 -0.17232 0.557455 -0.802687
-0.224339 0.649178 0.103436 0.719403
0.321824 -0.783371 -0.383258 -0.368609
0.191611 0.190425 0.102091 0.957393
0.862594 -0.143819 0.27953 0.396373
-0.634114 0.282477 -0.614436 0.374934
-0.161517 -0.464583 0.300032 -0.817347
0.228132 0.499654 -0.721328 0.421886
-0.0648028 -0.759501 0.517826 -0.38835
-0.972679 0.0395202 -0.0869318 0.211605
-0.0792828 0.486555 0.468537 0.733111
-0.128616 0.583275 -0.734428 -0.32228
0.299136 -0.252258 -0.641501 -0.659818
-0.77153 -0.259061 -0.424953 0.396288
0.11245 -0.921407 0.32732 -0.176705
-0.479327 0.301269 0.36214 0.740498
-0.732161 -0.388327 -0.069529 0.555256
-0.328885 -0.581333 0.744232 -0.00239758
0.218503 0.489968 -0.258521 -0.80334
0.890806 0.0367673 0.410661 -0.190971
0.406336 0.143503 0.760525 -0.485696
0.281378 -0.958387 -0.0100343 0.0471148
0.450356 0.890752 -0.00845588 -0.0605675
-0.138862 0.547062 0.0305153 -0.82493
-0.52579 0.133985 -0.0605044 0.837814
0.229748 0.868185 0.425073 -0.113065
0.0865254 0.356281 0.884386 -0.288856
0.107362 -0.350677 -0.617915 0.695471
-0.370539 -0.85421 0.172232 0.321499
-0.592264 -0.426765 -0.648036 0.217128
-0.0780508 -0.99099 0.0500841 0.0966337
0.00676968 0.0295575 0.306844 -0.951277
-0.433153 -0.434034 -0.011566 0.789847
0.502 0.239034 -0.629554 -0.542698
-0.291916 0.938043 0.186632 -0.00530123
-0.426595 0.443843 0.586734 0.526083
-0.288277 0.0858963 0.614032 -0.729714
0.0338601 -0.192451 -0.244533 -0.949747
0.731247 0.111912 -0.0540989 -0.670691
-0.0505988 0.0014377 -0.533649 0.84419
0.596599 -0.357355 -0.696997 -0.17482
0.419624 0.265665 -0.00602 -0.867929
0.0556585 -0.272907 0.672897 0.685298
-0.427072 0.797078 -0.26501 -0.334733
0.359775 0.0119194 0.918552 -0.163344
-0.0396249 -0.211089 -0.448115 -0.867793
-0.0218678 -0.349849 -0.936217 0.0250199
-0.11578 -0.0262315 0.280927 0.952359
-0.534802 0.38055 0.513854 -0.552378
0.492387 0.468289 0.72995 -0.0737162
-0.132646 -0.147041 -0.744615 0.637442
0.799493 0.246233 0.541332 0.084493
-0.426234 0.176922 -0.838426 0.28994
0.912023 -0.266626 -0.239308 0.199643
-0.348107 -0.896987 0.269475 0.040246
0.895619 -0.0752666 0.0422918 -0.436363
0.531662 0.128267 -0.824237 0.146689
0.680606 0.1473 -0.67716 -0.237764
-0.45815 -0.803682 0.338124 -0.172818
0.502515 0.141663 -0.199138 0.829309
-0.739363 0.0477741 0.669457 0.0537322
0.424831 -0.263051 0.805155 0.31945
-0.697628 -0.321162 -0.326328 0.551072
-0.25614 -0.301174 0.888045 0.234655
-0.95856 -0.251306 -0.134188 -0.00143326
-0.319873 -0.530582 -0.382568 0.685424
0.38394 0.839322 0.37211 0.0982993
0.265701 0.398264 0.70834 -0.518693
-0.993767 -0.0899262 0.0640695 0.0153587
0.329321 0.906733 0.242528 -0.10278
-0.828692 0.412178 -0.105115 -0.363772
-0.126498 -0.898124 0.154026 0.391978
0.530873 0.279295 0.799929 -0.016758
0.387794 -0.0384174 -0.0867055 0.916855
0.371898 0.0129051 -0.920679 -0.117798
-0.0603493 -0.706444 -0.622851 -0.330683
0.0928536 -0.294495 -0.642802 -0.70104
-0.178758 0.237657 0.666786 -0.683346
0.438979 -0.756237 -0.316872 -0.367417
-0.765419 -0.506751 0.200953 0.341988
-0.979653 -0.180834 -0.0222566 -0.0841616
0.96463 0.133082 0.113212 -0.197384
0.272304 0.955073 -0.0903494 0.0743228
0.516504 0.457107 -0.48271 -0.539693
0.06608 0.983279 -0.16968 -0.00221616
-0.662863 0.460488 -0.553176 -0.206299
-0.876883 -0.162606 -0.370159 0.260036
0.0855028 -0.443167 0.689799 -0.566101
0.0252281 0.11459 -0.422391 0.898787
0.380827 -0.301698 0.772399 0.409083
0.157436 0.897774 0.304995 0.276031
0.566884 -0.0891445 0.775454 -0.263375
-0.186685 0.687283 0.512532 -0.479688
-0.90876 0.165801 -0.169874 -0.343231
0.142804 0.713272 -0.0963205 0.679391
-0.475341 -0.437196 -0.424843 0.634365
-0.231859 0.343915 -0.907215 -0.0701777
-0.406431 -0.0263752 -0.82897 -0.383311
-0.563022 0.297941 -0.630399 -0.44366
0.88482 -0.393389 0.207436 0.13896
-0.272574 -0.454293 -0.280697 -0.800332
-0.875843 -0.343594 0.0837915 -0.328361
0.436241 -0.747834 -0.451797 0.215215
0.791941 -0.0745009 -0.256244 -0.549197
-0.128452 0.344482 0.903543 -0.220094
0.866977 -0.354008 0.331564 -0.114433
-0.0437086 0.700888 -0.700424 -0.127486
-0.288163 0.712919 0.61838 0.16222
-0.269634 -0.637722 -0.16298 0.702884
-0.71393 -0.491954 -0.336304 -0.367675
0.410966 -0.0732436 -0.619308 -0.664981
0.744162 0.617899 0.207282 -0.146488
-0.100394 0.331362 -0.522417 0.779231
-0.432307 -0.25506 -0.833141 0.232231
0.949596 0.0240773 -0.249022 -0.188879
