0.512007 0.154583 -0.840428 0.0873655
-0.337627 0.543675 -0.56244 -0.523532
-0.162081 -0.539766 0.227059 0.794246
-0.249208 -0.297082 -0.453526 -0.802466
0.0714178 0.983977 0.0914508 0.135371
-0.453734 0.206839 -0.273056 0.822668
-0.186117 0.695039 0.0242717 -0.694041
0.794917 0.540839 0.1839 -0.204404
-0.461467 -0.616998 -0.166052 0.615459
-0.363467 -0.647107 -0.639794 0.199522
0.833077 -0.135259 -0.533164 0.058513
0.148847 0.229472 0.949495 0.153773
0.803634 0.172373 0.464522 0.329667
-0.511154 0.289073 0.60627 0.53628
0.730791 0.0787259 -0.423229 -0.52974
-0.193356 -0.133578 0.147712 0.960704
0.315697 0.0899309 0.909532 0.254949
-0.315698 -0.367513 0.0439844 0.87369
0.579683 0.48449 -0.6085 0.242827
0.950402 -0.128228 0.182132 -0.217076
0.489937 0.370647 -0.491869 0.616966
-0.18959 0.0688361 -0.285463 -0.936925
0.16954 0.416304 -0.650137 -0.612593
-0.295404 -0.0841674 -0.819485 -0.483835
-0.0638688 0.237878 -0.943041 -0.223627
0.332147 -0.563297 -0.666111 0.358707
0.654726 0.496907 0.406293 0.399179
0.56471 0.45156 -0.580753 0.374061
-0.543219 0.376191 0.748963 0.0494774
-0.293567 0.67153 -0.0784493 -0.675805
-0.847967 -0.394864 -0.280712 0.215023
0.335136 -0.461018 -0.643208 0.511302
0.477472 -0.0250544 0.750872 -0.455614
-0.419685 0.495959 0.143887 0.746449
0.616912 -0.591525 0.478005 -0.202555
0.703452 0.513627 0.486185 0.0704857
-0.271334 0.946269 -0.000880514 -0.175933
-0.918414 -0.363479 -0.0290713 -0.153469
-0.662636 -0.217542 0.63801 -0.326392
0.600163 -0.27372 0.608878 -0.440623
0.660825 0.44609 -0.574209 -0.186003
-0.0351296 0.156391 0.695975 0.699947
0.206643 0.270367 -0.883392 -0.322209
-0.655617 0.599304 -0.292015 -0.354581
-0.461397 -0.831627 0.296042 0.0887022
-0.100315 0.591918 0.522602 0.605357
0.293483 0.782709 0.100857 0.539502
0.374409 -0.248972 0.893213 -0.000825006
-0.261481 0.181336 0.00680441 0.947997
-0.588553 -0.154291 -0.364662 -0.704856
0.0620238 0.464814 -0.686972 -0.555131
0.385598 -0.248482 -0.467269 0.755798
0.200081 0.112475 -0.563805 -0.793373
-0.162092 -0.667063 0.655067 0.315658
0.190142 0.634911 -0.599563 -0.448618
-0.675744 -0.138773 0.705041 -0.164404
0.735989 0.0476779 0.303208 0.603417
0.323584 0.536889 -0.347629 0.697278
0.210942 0.916297 0.248528 -0.232675
0.924251 0.340134 -0.0978288 -0.143171
-0.909449 0.120646 -0.0853348 -0.388672
0.615911 -0.159566 0.0370661 -0.770596
0.597558 0.0697716 -0.784969 -0.147921
0.677056 0.714911 -0.000186161 -0.174635
0.167034 0.984764 0.0444225 0.0191232
-0.0831107 -0.769413 -0.0163205 0.633112
0.843879 -0.430974 -0.216467 0.235098
-0.419889 0.767774 0.259539 -0.408479
0.500586 -0.668607 -0.548822 -0.0342465
-0.219255 -0.961263 0.0990972 0.134466
-0.044888 -0.667944 -0.320386 0.670215
-0.053506 -0.491563 -0.0208533 -0.868947
0.683919 -0.645627 -0.255602 -0.223803
-0.296949 -0.714873 0.0693839 0.629257
0.0204545 -0.255183 -0.901374 0.349269
-0.124114 -0.128316 0.980902 0.0772165
0.756474 0.457817 0.272967 -0.378998
-0.160072 -0.136979 0.898094 0.386057
0.826194 0.453737 -0.0935097 0.320597
0.502468 0.739093 -0.047105 -0.446148
0.390248 -0.0155633 -0.69253 0.60652
0.00549538 0.0918756 -0.398802 -0.912407
0.279643 0.573675 0.660372 0.395734
-0.78355 -0.575998 -0.199314 -0.120623
0.589581 0.245031 0.769605 0.00781353
-0.827018 0.126202 -0.504863 -0.212668
-0.0941095 0.485493 0.853162 0.165997
-0.354711 -0.800618 -0.102341 0.471929
0.320349 -0.499914 -0.378957 -0.709826
-0.628019 0.136912 0.499742 -0.580608
-0.412343 -0.771168 -0.464812 0.138644
0.380693 -0.72096 0.578221 0.0308168
-0.286038 0.699806 0.450388 0.474978
0.431957 -0.576521 -0.0870562 0.688083
-0.773538 0.577532 -0.138862 0.220937
0.73352 0.492357 -0.37485 -0.281107
0.637582 -0.743571 0.182016 0.0863815
0.767548 0.0485829 0.422982 -0.479162
-0.0771734 -0.805857 0.216736 0.545586
-0.735293 -0.320332 -0.181229 -0.569111
0.510478 0.581776 -0.0709615 -0.629217
-0.922714 0.16856 0.196491 -0.285616
-0.160675 0.262735 -0.807566 0.502981
-0.816957 0.073446 0.160267 -0.549092
0.633848 -0.128698 -0.752964 -0.121323
0.137066 -0.0782374 0.977089 0.142789
0.322853 0.359299 0.815685 0.31832
0.140078 -0.207223 0.942541 0.221478
-0.659896 -0.656131 0.299933 -0.209929
0.813904 -0.189642 0.130039 -0.53356
0.32936 0.446397 0.494142 0.669384
-0.165396 -0.519163 -0.586184 0.599585
0.127417 0.253445 0.730923 0.620711
0.804738 0.395999 0.442158 0.00883606
0.137553 -0.204215 -0.389709 0.887413
-0.428097 -0.668337 0.568417 -0.216702
0.415785 0.193164 0.432577 0.776329
-0.10903 -0.453716 -0.839846 0.277334
-0.613293 0.043356 0.274713 0.739273
0.275505 -0.0474411 -0.958699 0.052372
0.908412 0.0056077 0.377996 0.178538
-0.325529 -0.0360958 0.888612 0.321087
-0.575439 0.593376 -0.559418 -0.0618547
-0.6057 0.414289 0.520923 -0.43604
-0.0493313 -0.859348 -0.231669 -0.453229
-0.489026 0.53982 0.402276 -0.554637
-0.365017 0.0612562 -0.491279 0.788452
-0.445851 -0.85778 -0.224624 -0.12237
-0.357507 0.522939 0.706391 -0.315808
-0.137452 0.912529 0.297719 0.244461
0.123684 -0.573176 -0.578323 0.567198
0.162586 0.508545 0.0364187 -0.844761
-0.159836 0.282596 0.0275034 0.945429
0.128997 0.892718 -0.389139 -0.187043
-0.0519905 0.234036 -0.142699 -0.960292
-0.226714 0.822874 -0.314649 0.415301
-0.26478 -0.855093 0.0982753 -0.434798
0.21774 -0.420734 -0.787819 0.39359
-0.151477 -0.966743 0.206041 -0.00304411
-0.657204 -0.167374 0.359137 -0.641163
-0.19184 0.246782 0.423252 0.850384
0.502859 0.144519 -0.157797 0.837465
0.610643 -0.120152 0.0313445 -0.78211
-0.099204 0.155865 -0.945801 0.267067
0.053648 0.993176 -0.0907547 -0.0498641
-0.318401 0.451469 -0.274442 -0.787069
0.933724 -0.139485 -0.278116 0.177073
0.120347 0.0684035 0.990235 -0.0165171
0.0128761 0.887266 -0.323981 0.328071
-0.218316 -0.403958 -0.878616 0.13111
-0.249169 0.0189885 -0.300083 0.9206
0.441173 -0.863813 0.233226 -0.0692779
-0.604308 0.0977044 -0.790159 -0.0302457
-0.532382 0.300431 2.74346e-05 -0.791398
0.168265 -0.0329112 0.498771 0.849607
0.85424 0.175434 -0.432943 -0.228158
-0.749004 -0.542056 -0.321736 0.204091
0.252119 0.765834 -0.0426928 -0.590009
-0.617664 0.241195 0.689574 -0.291212
-0.104546 -0.335711 -0.234624 0.906267
0.384934 -0.677052 0.206378 0.592312
0.135102 -0.181842 -0.607449 -0.761372
0.613807 0.200863 -0.527751 -0.5517
-0.316513 -0.361451 -0.648138 0.590838
-0.866022 0.381557 -0.141123 0.290696
0.364496 0.798136 0.44059 -0.189741
0.826636 -0.503386 -0.233847 0.0926837
0.10979 -0.783067 -0.281983 0.543358
-0.207783 0.290954 0.306513 0.882169
0.608836 0.181592 -0.688505 -0.34972
-0.153218 -0.158146 0.313504 0.923704
0.430169 -0.00640069 0.891282 -0.14328
0.417915 -0.783498 0.459688 -0.0128197
-0.737182 0.357405 -0.127872 0.558993
0.431383 0.811648 0.227781 0.321327
-0.333686 0.233581 0.298663 -0.863073
0.810322 -0.126155 -0.0130584 0.572095
-0.812473 0.242339 0.419393 0.324453
-0.307566 0.815744 0.488691 0.0338687
-0.786243 -0.536699 -0.107666 -0.286678
0.173523 -0.961469 -0.175125 0.121648
0.465029 -0.844366 -0.131901 0.231076
0.862221 0.429024 0.246196 0.109094
0.681374 0.456191 -0.497315 0.283368
0.215065 0.616574 -0.607573 0.452148
-0.606043 -0.471228 -0.635634 0.0814012
-0.239632 0.426293 0.119755 -0.864008
0.85741 -0.430795 -0.135138 0.246986
0.702025 0.605996 0.361945 0.094477
0.252645 0.390932 -0.861386 0.203363
-0.474282 0.738153 0.231957 -0.419979
0.850833 -0.486905 0.160165 -0.115559
-0.418845 -0.582233 -0.688906 -0.104798
-0.708912 0.615819 -0.337142 0.0674205
0.0966018 -0.614917 0.572232 -0.533944
0.878121 0.281014 -0.316479 -0.223106
0.330834 0.700927 -0.528915 -0.345687
-0.0953953 -0.939198 -0.0298629 0.328506
0.535903 -0.00180249 -0.199115 -0.820462
-0.873384 0.442159 0.191758 -0.0701745
-0.214291 0.325969 -0.30511 -0.868753
0.185821 0.0493829 -0.90473 -0.380126
-0.875075 -0.261984 0.00116202 -0.406948
-0.00409647 -0.60818 0.232009 0.759126
0.159933 0.495154 -0.795302 -0.311029
0.426429 -0.0846893 0.576469 -0.691859
0.46391 -0.207961 0.393917 -0.765747
0.796217 0.425229 0.154982 -0.401497
-0.667421 0.247499 0.421464 -0.561838
0.843002 0.318292 0.158374 -0.403677
-0.425867 -0.649629 0.55572 -0.296301
-0.432258 0.0840558 0.227247 -0.868589
-0.898555 0.0677472 0.429333 0.0606827
0.0141794 -0.65575 -0.603693 -0.453152
0.865145 -0.00560896 0.490651 -0.1037
-0.624307 0.0890652 -0.608923 -0.481166
-0.289696 0.447809 -0.0193869 -0.845675
0.13662 -0.485977 0.122524 -0.854487
-0.00381935 0.866422 -0.482177 0.129629
0.305912 0.482555 0.707447 -0.416025
-0.0240836 -0.903418 0.416551 0.0986974
0.063512 -0.963142 0.209202 -0.156712
0.237807 -0.292076 -0.894519 -0.240781
-0.115726 0.884522 0.443297 0.0878395
0.110901 0.273472 -0.86143 0.413344
-0.360126 0.490337 -0.783514 -0.126429
0.67909 0.00547839 -0.471496 -0.562581
0.343139 0.366443 -0.775082 -0.383697
-0.861417 0.369309 -0.113581 0.329653
0.742984 -0.605987 0.24798 -0.138783
0.355073 0.929157 -0.102681 -0.00690923
-0.258154 -0.269141 0.927385 -0.0295948
0.838693 0.183621 0.298315 -0.416995
-0.850655 0.0908606 -0.50107 -0.130613
-0.132094 -0.438243 -0.332258 0.824681
-0.263437 0.424081 0.863847 0.0672627
-0.388205 0.765593 -0.490537 -0.150123
0.619031 -0.745247 -0.233127 0.0840275
-0.767751 -0.551117 -0.218617 -0.242973
-0.383489 0.331465 0.850057 -0.143076
-0.528088 0.238137 -0.802112 -0.145021
0.708292 -0.355113 -0.601776 -0.100411
-0.034713 -0.397343 0.619483 0.676132
0.503318 0.0591351 -0.86034 0.0546778
0.204713 -0.883327 -0.400727 0.131316
0.43132 -0.788358 -0.35883 -0.252379
-0.364431 -0.922784 0.123526 0.0200419
-0.120268 0.653915 0.491678 0.562302
-0.551769 -0.502657 0.0236899 0.665076
-0.459157 0.146409 -0.766521 -0.424482
-0.28824 -0.499303 -0.259309 0.774838
-0.00503249 0.111926 0.441694 0.890143
0.942613 0.0230742 0.222907 0.247508
-0.447343 0.372772 -0.776941 -0.239349
0.58658 -0.285187 0.590215 0.475646
-0.832605 0.195763 0.498215 0.142224
-0.152776 -0.175438 0.953515 -0.191547
-0.0650632 -0.582768 -0.773907 0.239198
-0.439014 0.824106 0.346389 -0.0901697
-0.223547 -0.407357 0.832075 0.302883
-0.215809 -0.877152 -0.355164 -0.240605
0.678652 -0.412433 0.596709 -0.115187
0.381353 -0.61316 -0.438459 -0.535125
-0.672259 0.506427 -0.257481 0.47466
-0.0510472 -0.250544 0.760072 -0.597421
0.376231 0.834948 -0.401523 -0.00958505
0.803883 -0.209118 0.522251 0.193121
0.56374 0.0391328 -0.110124 0.817642
0.587906 -0.488332 0.402229 -0.504094
-0.934631 0.0639985 -0.112904 0.331092
-0.629473 -0.260992 -0.560464 0.470667
0.102084 0.837548 -0.137391 -0.518861
-0.276196 0.315848 0.772202 0.477138
0.0138678 -0.429435 -0.736221 0.52285
-0.810331 0.425327 -0.328336 0.233786
-0.00187542 0.170418 -0.0967462 -0.980609
-0.0759757 0.271283 0.877927 -0.38714
-0.168371 -0.355552 -0.529243 0.751755
0.0141165 -0.90563 -0.417493 -0.0730392
-0.56248 0.417044 0.0703436 0.710452
0.58051 0.208902 -0.761656 0.198113
-0.0762534 0.135464 0.434336 0.887236
-0.084586 -0.548944 -0.511514 0.655636
-0.584596 0.707685 -0.183084 -0.352008
0.463024 0.711436 0.440442 -0.292367
-0.324903 0.880341 -0.253435 0.234964
0.517936 -0.345205 -0.603033 -0.498925
0.280974 0.722953 -0.615009 -0.141972
0.481976 -0.679462 -0.20104 0.515377
-0.4894 -0.847112 -0.179558 0.103187
-0.424658 0.185445 0.679775 0.56849
-0.598162 -0.129578 0.45018 0.650191
0.642877 0.00799311 -0.440911 0.626293
-0.572922 -0.176465 -0.469831 0.647981
0.0263601 -0.0626927 -0.809088 -0.583739
0.278582 -0.348955 0.763838 -0.466019
-0.100566 -0.0785103 0.862413 0.489863
0.0137609 -0.644906 -0.640578 -0.416613
0.628799 -0.679713 -0.341997 0.160125
0.00702359 0.25646 0.842775 0.47319
0.0146978 0.0673077 -0.885526 0.459454
-0.502966 -0.107413 0.767136 -0.383393
0.540257 -0.00556968 -0.838533 0.0703871
0.72835 0.206732 0.483591 -0.439213
-0.840642 -0.316729 -0.328639 0.291548
0.739263 0.116676 -0.344826 0.566545
0.0613017 -0.220364 0.862483 -0.451448
0.21169 -0.47964 -4.28149e-05 0.851547
0.379737 0.906258 -0.109384 0.150106
0.0388035 -0.34018 -0.473222 -0.811685
0.276619 -0.466127 -0.644652 -0.539103
-0.384079 0.913314 0.104778 -0.0858033
0.601038 -0.198501 0.300308 -0.713559
0.459198 -0.455153 -0.239793 0.724205
-0.636255 -0.556557 -0.0291773 0.533453
0.311686 -0.591215 0.631448 0.393179
0.367918 0.751099 -0.522781 0.164883
-0.366577 -0.296589 -0.465189 0.74917
0.518841 -0.149891 0.84034 0.0465305
-0.121575 0.591213 -0.600134 0.524906
-0.2154 0.288295 0.397899 -0.843899
-0.19203 -0.0709551 -0.829605 0.519466
-0.819602 -0.0270281 -0.540014 0.189489
-0.661507 -0.318727 0.662006 -0.150233
0.794033 -0.187783 -0.0504011 0.575942
-0.962516 0.0173659 -0.20309 0.178931
0.789359 -0.31683 -0.437548 0.29169
0.136987 0.161056 -0.294545 0.931954
0.191769 0.234626 -0.713954 0.631225
-0.785256 -0.602805 -0.110082 -0.0887772
-0.213671 0.543163 -0.353754 -0.730874
0.00390671 0.897702 0.253344 -0.360463
0.164978 0.149003 0.965041 -0.138838
0.281643 -0.0515716 -0.717504 0.634985
0.821426 0.515945 -0.140596 -0.198224
-0.214712 0.3803 0.582367 -0.685653
0.138002 0.155704 0.91932 0.334009
-0.0106642 0.0576563 -0.60971 -0.790453
0.386149 -0.119235 -0.564513 -0.71972
0.380757 -0.583668 0.305986 0.648635
0.385035 0.824031 -0.0694807 -0.409747
-0.837235 0.250674 -0.147355 -0.463128
-0.0488432 -0.968682 -0.214137 -0.115823
-0.46917 -0.617718 -0.600276 0.194865
-0.466631 0.733562 -0.0139238 -0.49391
0.299267 -0.26025 -0.899582 -0.182924
0.576337 -0.0956114 -0.57911 -0.568616
-0.764116 0.463328 0.127407 0.430374
0.834618 0.375778 -0.37964 -0.134453
-0.910097 -0.347796 -0.201283 -0.101227
-0.492325 0.579988 0.247869 0.599825
-0.371624 -0.413047 0.681005 0.47699
-0.582678 0.391728 -0.14861 0.696384
-0.473303 -0.321889 0.819772 -0.0186044
-0.544908 0.00410809 -0.831733 0.106196
-0.0925345 0.702273 -0.127214 -0.69431
0.198655 -0.911014 -0.0029369 0.361359
-0.642327 -0.431376 -0.53795 0.334575
0.56313 -0.655458 -0.246184 0.438922
0.0372874 -0.605754 0.624479 0.491627
-0.0827977 0.227544 0.946171 -0.214776
-0.7189 0.464007 0.504625 0.115045
-0.326088 -0.467807 -0.227334 0.789393
-0.316026 0.560505 0.118468 -0.756259
0.908137 0.153998 0.050034 -0.386094
-0.632322 -0.27188 -0.705936 0.167047
0.556445 -0.313659 -0.763646 -0.0939766
-0.697035 0.437495 -0.522818 0.222263
0.631178 -0.080712 -0.457372 0.621218
-0.521478 0.516117 0.575411 0.361367
-0.657822 0.367915 -0.216941 0.620359
0.765632 0.622752 0.142296 0.0757589
0.873352 0.34752 -0.0368654 -0.339304
0.178163 -0.143171 -0.0391433 0.972743
-0.231166 -0.152909 0.550742 0.787314
-0.110256 0.319514 0.700515 0.628516
-0.241907 0.801108 -0.44145 0.323772
-0.71804 -0.316432 -0.619513 -0.0221795
-0.161865 -0.382456 -0.830931 -0.370243
0.46505 -0.639475 0.566588 0.2319
-0.556234 -0.475129 -0.591837 -0.338504
-0.025719 0.897453 -0.18829 -0.398076
0.27887 -0.717495 0.618299 0.158552
-0.483249 -0.867013 -0.119972 -0.0190927
-0.581514 0.445363 -0.510226 -0.450735
-0.164633 0.801493 0.390681 -0.421749
-0.22635 -0.745584 -0.21758 0.587817
-0.056224 -0.292047 -0.589634 0.750919
-0.639132 -0.579794 -0.333559 -0.379589
0.562766 0.18498 -0.789089 -0.16253
0.393186 0.193821 0.297477 0.848142
-0.108876 0.563483 0.119251 -0.810193
0.438159 0.506689 -0.728096 0.145459
0.642303 -0.258145 0.708122 -0.139179
0.765615 -0.0568334 0.0709026 -0.636849
-0.662401 -0.232014 0.458716 -0.544953
0.594208 0.208822 0.775329 0.0466478
-0.338815 -0.688665 -0.018563 -0.640781
-0.191546 0.193625 0.433449 0.859035
-0.536009 -0.319527 -0.335556 -0.705691
0.0720778 -0.560293 -0.343158 0.750413
-0.0794604 -0.775257 -0.228211 -0.583594
0.817481 -0.471069 -0.0146057 0.331065
-0.603037 0.198448 -0.73955 0.223675
0.695122 0.405377 -0.433002 0.406183
-0.582769 -0.652802 0.22932 0.426194
-0.547993 -0.444274 0.157691 0.690984
0.324169 0.0792686 -0.802116 0.495219
0.39557 0.70527 0.207151 -0.550642
0.0857974 0.0392327 -0.867485 -0.488436
0.229464 -0.0513137 0.937023 0.258264
0.520726 0.547914 0.419914 -0.502302
0.400015 -0.340862 0.129571 -0.84084
-0.68885 0.217914 0.169674 0.670232
-0.418522 0.200047 0.465477 0.753758
0.565519 0.132296 -0.270072 0.76795
0.446669 -0.389096 -0.802472 -0.0716219
-0.989657 0.082122 0.104186 0.0545928
0.336992 -0.34148 0.614279 0.626489
-0.206843 0.968514 -0.011002 0.138115
0.238038 0.50066 0.40528 -0.726929
0.588893 0.648946 0.319708 0.360364
-0.0525583 -0.844425 0.393696 -0.359427
0.12046 -0.552118 0.453223 0.689379
0.412637 -0.0914196 0.23578 0.875089
-0.194123 0.706125 0.0870073 -0.675377
-0.158844 -0.80459 -0.363567 0.44184
-0.204926 -0.266832 0.535006 -0.774968
-0.544323 -0.563194 -0.0189361 0.621423
0.816605 0.503841 -0.141199 -0.243644
-0.131525 0.647058 0.65166 0.373304
0.75567 0.0462139 -0.627024 0.183487
0.671723 0.651895 -0.313577 -0.159657
-0.721333 -0.375266 -0.549315 -0.192631
-0.528132 0.112014 -0.551125 0.636232
-0.525647 -0.530511 -0.664841 0.0154873
-0.300085 0.542591 0.0582748 -0.782399
0.335647 -0.826668 -0.0689822 0.446321
-0.381398 0.210915 -0.109808 -0.893304
-0.268172 -0.871303 0.170185 0.374101
0.774495 0.325172 -0.185376 -0.509956
-0.0582573 -0.15487 0.974386 0.152291
0.23194 -0.357714 0.464601 -0.776138
-0.269555 -0.351861 0.310263 0.840994
-0.153013 0.215985 0.870145 -0.415675
0.751125 0.44037 -0.361776 0.333173
0.360869 -0.461525 0.789688 0.182102
0.176321 0.592308 0.198287 -0.760765
0.483015 0.11022 -0.694449 -0.521813
-0.335662 0.0219803 -0.839418 -0.426879
0.172234 0.220294 0.892804 0.353138
0.490291 -0.63847 0.0670353 -0.589472
0.684481 -0.0202741 0.556968 0.469959
-0.76839 0.449552 -0.109321 0.442186
-0.0681518 0.111159 -0.033659 0.990892
-0.309901 -0.485231 -0.320802 0.752063
-0.51559 -0.373699 -0.617839 0.461292
-0.798639 -0.563214 0.199899 -0.0707497
-0.650422 0.356963 -0.500447 -0.446185
0.554964 0.0611596 0.17461 0.81104
-0.0810135 -0.726637 -0.123378 -0.67098
-0.234282 0.489751 0.0026538 -0.839791
-0.928993 0.213473 -0.247296 -0.173914
0.862633 -0.116177 -0.47459 -0.130886
0.33574 -0.753567 -0.278369 0.49186
-0.326864 0.143082 0.923609 -0.140124
-0.00100942 -0.641691 -0.275152 -0.715907
-0.617615 0.102219 -0.0252899 0.779399
-0.417477 0.536955 -0.715516 -0.159469
0.589542 -0.570759 -0.570922 0.0268832
-0.0410651 0.927059 -0.347267 0.135205
0.386553 0.0543844 0.376109 0.840334
0.809996 0.224321 -0.115985 0.529277
0.0424172 0.574265 -0.359531 -0.734274
-0.222326 0.118036 0.7083 -0.659507
0.283122 -0.460431 -0.166977 0.8246
-0.521339 0.177616 -0.474039 -0.686983
-0.258151 0.0407062 -0.422213 0.868008
0.0426526 -0.136771 -0.467903 -0.87209
-0.288857 0.663961 -0.634244 -0.271021
0.956898 0.0493975 0.0909948 0.27134
-0.332449 -0.0526157 0.70785 -0.621014
0.320876 -0.179431 0.906964 0.205572
-0.69865 -0.470258 -0.531425 0.0912857
-0.485939 -0.706645 -0.491129 0.15267
0.263441 0.151877 -0.282972 -0.909648
0.239566 -0.0174454 -0.207764 -0.948229
0.74728 0.113148 -0.566424 0.328533
-0.760675 0.28358 0.290602 0.506465
0.724645 -0.547035 -0.383677 -0.168625
0.383529 0.397934 -0.0993276 0.827459
-0.626748 0.315861 -0.390404 -0.595822
-0.668119 -0.567777 0.447712 0.175502
-0.468796 -0.805686 0.280497 -0.22896
0.613132 -0.637031 -0.311212 -0.348436
-0.670518 -0.131417 -0.726295 0.0750419
0.108805 -0.383934 0.555836 -0.729248
-0.00317547 0.971322 -0.145229 -0.188236
-0.463483 0.285343 0.684816 -0.484551
0.361621 -0.298251 -0.874366 -0.125542
