0.704452 -0.194963 -0.636276 0.246758
0.25031 -0.798194 -0.010926 0.547825
-0.621116 -0.0125887 -0.774972 0.116081
-0.936212 -0.15233 -0.160186 -0.27321
-0.569362 0.0858196 0.493017 -0.652224
-0.557684 0.0117107 0.223149 0.799409
-0.205766 0.842927 0.243873 0.433199
0.416104 0.3119 -0.342956 -0.782277
0.270993 0.139063 -0.738203 0.601898
-0.0189925 0.700377 0.425793 -0.572548
-0.598181 0.694656 0.347952 -0.196372
0.921609 -0.0752685 0.28233 -0.255463
-0.833346 -0.240693 -0.0771077 -0.491584
-0.817844 -0.481415 -0.0903031 -0.30202
-0.159061 0.338729 -0.732281 -0.56897
-0.901584 0.279568 0.323798 0.0643619
-0.272848 -0.811781 0.291225 0.426327
0.700585 0.0923628 -0.632276 -0.31761
0.663779 -0.137924 0.479462 0.557217
0.568319 -0.055468 -0.531496 -0.625659
-0.145992 -0.940762 -0.102171 0.288468
0.613194 -0.695278 -0.13844 0.348448
0.323991 -0.772467 -0.54517 -0.0333821
0.953373 -0.1956 0.142117 -0.180623
-0.785622 -0.601964 -0.0698097 0.124755
0.65388 -0.50764 -0.0498616 0.5588
-0.0894302 -0.434387 0.327754 -0.834199
0.302531 0.316749 0.651766 -0.61915
-0.385292 0.429885 -0.479489 -0.660938
0.562404 0.53207 0.574919 -0.26471
0.358276 -0.0288381 -0.202196 0.911001
-0.463253 -0.616572 -0.208366 -0.601514
0.0287515 -0.962019 0.248106 -0.110166
0.431587 -0.500892 -0.493612 0.564967
-0.591606 -0.761061 -0.265498 -0.0173109
0.82267 0.479973 -0.0510795 -0.300384
-0.0193407 0.0283277 0.936122 0.349999
0.428139 -0.862439 0.0291871 -0.268409
-0.453581 -0.490813 -0.738242 -0.0914667
-0.726153 0.300888 0.305514 -0.537428
0.287038 -0.0961292 0.215294 -0.928448
0.119825 0.778608 -0.173517 0.591018
-0.0878032 -0.75533 -0.130546 0.63618
0.00776703 -0.62419 0.43717 -0.647463
-0.691214 0.654866 -0.305345 -0.01172
-0.672202 0.40059 0.179766 0.596118
0.132348 -0.778062 -0.2425 0.564178
0.620396 -0.327182 0.325212 0.63427
-0.0856507 -0.246211 0.735593 -0.625257
0.610244 0.196764 -0.43669 -0.631022
0.917261 -0.118785 -0.333702 0.182113
0.514796 0.565502 0.638544 -0.086334
-0.778583 -0.479291 -0.258314 -0.312029
-0.0840303 0.625724 -0.0877587 -0.770523
-0.230364 0.0426866 -0.391712 0.889759
0.696158 -0.633723 0.256081 -0.219505
-0.342728 -0.875463 -0.24766 0.234023
-0.823684 -0.43542 -0.362292 0.0264351
-0.492687 -0.0348694 0.823533 -0.278992
0.630424 -0.335377 -0.0898817 -0.694269
0.458144 0.152606 -0.136636 -0.864954
-0.755017 0.357795 0.158731 0.526058
-0.474085 0.117187 0.285867 -0.824494
-0.0363953 -0.845543 0.522894 0.101559
0.703949 0.447058 0.547089 -0.0727289
-0.910327 0.162323 0.113325 0.363475
0.520972 0.107255 -0.278415 0.799731
0.791869 0.254254 -0.336054 -0.442003
0.615099 0.36408 0.0706685 -0.695777
-0.341953 -0.64135 -0.656384 0.202233
0.999704 0.0227667 -0.00683314 0.00514537
0.776988 -0.236421 0.100051 -0.574791
-0.558569 -0.493587 0.605558 0.278697
0.128475 0.683613 -0.0549829 -0.716341
-0.386131 0.199441 -0.103856 -0.894617
-0.176172 0.54399 -0.266019 -0.776062
0.873448 -0.442289 0.191672 0.0687767
0.605215 -0.210993 0.21157 -0.737858
0.0984197 0.0986295 -0.442419 0.885919
-0.620984 -0.499394 -0.20882 0.566903
-0.967068 0.159558 0.161773 0.114674
-0.394447 0.0511421 -0.868157 0.296814
0.020448 0.500501 0.588956 -0.634201
0.222827 0.480604 0.75374 -0.388901
0.0759638 0.724368 0.529874 -0.434458
-0.871539 0.0535596 0.256218 0.414611
-0.104598 0.276084 0.818598 -0.49268
0.111721 -0.724959 0.0732029 0.675718
0.561358 0.112507 0.383034 0.724916
-0.490931 -0.426123 -0.0133212 0.759756
0.352606 0.177054 -0.915315 -0.0807377
0.0984429 -0.464763 0.86544 -0.159115
0.324939 -0.855118 0.191776 0.355541
-0.918743 0.00460693 0.380095 -0.106851
0.865342 -0.0290594 -0.17726 0.467886
0.0277391 -0.838918 -0.45294 -0.300486
0.161067 -0.227607 -0.513784 0.811344
-0.766038 -0.212639 -0.354742 -0.492065
0.10285 0.226729 0.896529 -0.366403
0.297754 0.231416 -0.867032 -0.325645
0.482429 -0.26004 0.817115 0.178788
0.26074 0.108061 -0.622226 0.730186
-0.635383 0.102458 -0.479943 -0.596193
0.58979 0.41752 -0.683458 0.103488
-0.264056 0.135545 0.805226 -0.513335
0.833681 0.0912073 0.0561397 -0.541761
0.550677 -0.514399 -0.212223 0.622181
0.126965 -0.637799 0.649988 0.393202
-0.292246 0.421664 -0.286705 -0.809069
0.0929985 -0.716898 -0.156206 -0.673058
-0.274391 0.0799711 -0.360436 -0.887919
0.47226 -0.761698 -0.21023 -0.390628
0.123278 -0.360757 -0.217635 -0.898494
-0.445972 0.76643 0.294231 -0.356541
-0.222167 -0.805321 0.453676 0.310288
-0.157618 0.7213 -0.618568 -0.268805
-0.583545 0.620639 0.268748 0.449507
0.376044 -0.19242 0.84526 -0.327263
0.49292 0.381573 0.61996 -0.47653
0.040943 -0.888095 -0.29323 0.351608
-0.555412 0.0330288 -0.797367 -0.233737
0.0191982 0.409599 -0.0487737 0.910759
-0.464502 0.269943 0.625894 0.565354
0.0642634 -0.139845 0.98806 0.00709577
-0.42506 -0.796301 -0.267545 -0.337118
0.121243 0.232005 0.930039 0.257879
-0.294055 0.264285 -0.144087 -0.907151
0.822942 -0.423478 0.342518 -0.161599
0.0902232 -0.42759 0.407503 0.801853
-0.992807 0.0418096 -0.109654 -0.0237045
-0.570899 -0.295823 0.573092 -0.508065
0.377206 -0.757442 -0.502444 0.177614
0.904391 -0.33018 -0.184869 -0.197182
-0.776087 0.255776 -0.0469465 -0.574511
-0.71382 -0.390026 -0.25928 -0.520687
-0.88025 -0.0767431 -0.402088 0.23999
0.339734 0.52708 0.383706 -0.677891
0.017677 -0.121935 -0.693664 0.709683
0.80443 -0.217672 0.51402 -0.203214
0.426171 -0.486044 0.757837 0.0884436
-0.557653 -0.463788 0.509583 0.46287
0.716245 -0.0995082 0.683262 0.101218
-0.691779 -0.213842 -0.62139 0.299312
0.620103 -0.0536498 0.329727 -0.709841
0.884202 -0.20769 -0.411443 -0.0759351
0.102531 0.174561 -0.305157 0.930535
0.13801 -0.84413 -0.372593 0.359961
-0.316784 -0.0279756 0.880367 0.351879
0.428573 0.245332 -0.137048 -0.858694
-0.517068 -0.221212 -0.318393 0.763107
0.0518924 0.150279 -0.350539 0.922955
0.279479 -0.647492 0.640084 -0.304857
-0.880745 -0.280653 -0.271774 0.267696
-0.712512 0.28718 -0.640023 -0.01497
0.255032 0.321421 -0.871838 0.267482
0.753195 -0.0495978 -0.655338 0.0277483
-0.518116 0.46477 0.00714178 -0.717978
0.125871 0.457389 -0.474344 -0.741586
-0.230729 -0.545234 -0.65759 0.465897
-0.405691 0.665485 -0.158945 -0.606037
0.377712 0.901831 -0.104935 -0.181723
0.371725 0.792977 -0.0302124 -0.481763
0.529977 0.232985 -0.583292 0.569749
0.534251 -0.581387 -0.613647 0.0014907
0.585417 0.596293 -0.231272 -0.498231
0.399778 -0.503479 -0.764987 -0.0384925
-0.787595 -0.0661606 -0.571705 -0.220161
-0.451097 -0.513176 0.439854 0.58283
-0.0969141 0.298222 0.162044 0.935635
-0.600194 0.698819 -0.329274 -0.207357
0.873759 -0.243138 -0.0629593 0.416491
0.787135 -0.385754 0.472327 0.0923016
-0.294678 0.216098 -0.225372 -0.903147
0.831298 0.164136 0.315884 -0.426873
0.16626 0.38471 -0.900647 -0.114854
0.0187538 0.023732 -0.900507 -0.433788
-0.248727 -0.573422 -0.682072 0.379605
0.513533 -0.315805 0.264377 -0.752766
-0.176349 0.184104 0.9611 -0.106273
0.376001 0.772371 -0.240905 0.451698
0.648594 -0.272627 0.655684 -0.274006
0.78875 0.342302 -0.463513 0.214146
-0.167008 -0.601465 0.162862 0.764084
-0.72386 -0.335827 -0.103441 -0.593757
-0.669499 0.472883 -0.304634 -0.485129
-0.611254 -0.440681 0.584344 -0.301183
-0.316449 0.625251 0.592736 0.39697
-0.477709 -0.650959 -0.139006 0.573344
0.129166 -0.864781 -0.420054 -0.242951
-0.751933 0.37418 0.357576 -0.408321
-0.592798 0.587722 0.410542 0.366918
0.329407 0.237546 -0.0543596 -0.912199
0.128832 -0.756205 0.262718 -0.585265
0.0319038 0.214951 -0.9761 0.00253548
-0.719411 -0.30273 -0.61197 0.127655
0.0643307 0.724151 0.208163 0.654321
0.114726 -0.77527 0.503619 -0.363542
0.81757 -0.500528 0.0769026 -0.274112
0.163731 -0.0625186 -0.133544 0.975423
0.278792 -0.0438246 0.586463 0.75922
0.702989 -0.203745 -0.667638 -0.136213
0.024834 -0.362794 -0.578361 0.730248
0.258761 0.325005 0.608997 -0.675675
0.58942 0.439469 -0.614949 0.285111
-0.037901 -0.41016 0.291142 0.863463
-0.069357 -0.95109 -0.251837 0.164909
0.275289 0.57684 0.239099 0.73096
-0.498961 -0.632609 -0.339551 0.485333
-0.614923 -0.247259 0.233099 0.711616
0.329778 0.470242 0.795521 -0.193044
0.417596 -0.593768 0.233022 -0.647112
-0.439741 -0.455612 -0.00288994 -0.773975
0.510276 0.117748 0.695671 0.491727
0.00612515 0.5886 -0.570144 0.573104
-0.361533 -0.274469 0.621907 -0.638117
0.0296677 0.0306953 -0.998958 0.0161166
-0.0637594 0.00863097 -0.160738 -0.984898
0.220511 0.107306 -0.0583078 -0.967709
-0.546345 0.000457205 0.445698 -0.709126
-0.353647 -0.115932 -0.393624 0.840567
0.194567 0.368892 0.379627 0.8258
0.429674 -0.893401 -0.107673 -0.0749782
-0.294158 -0.467519 -0.103968 0.827096
0.0822771 -0.0657792 0.979594 0.171168
0.536105 -0.704168 -0.406762 0.226459
-0.302199 0.442477 -0.821262 0.196006
-0.0442144 -0.145804 0.501102 0.85187
0.519387 0.402631 0.640303 0.397665
-0.159571 -0.598671 -0.722878 -0.305904
0.147539 0.390664 0.812461 0.406843
0.773802 0.328727 0.47449 0.260823
-0.326476 -0.655377 -0.566899 -0.377517
-0.0805205 -0.881649 -0.420576 -0.198311
0.412875 0.656061 -0.613916 -0.149079
-0.835936 -0.513766 0.192907 -0.00658296
-0.654081 -0.0552819 -0.582279 -0.479659
0.239621 -0.480779 -0.791679 0.290996
0.0454187 0.97344 0.0161527 0.223809
0.414517 0.32085 0.845253 -0.10382
0.111539 0.562829 -0.378809 -0.726145
0.270805 -0.770653 -0.160263 0.554144
0.446499 0.341313 -0.387719 0.730628
-0.143934 0.936428 -0.0690371 -0.312441
0.296056 0.756863 -0.360819 0.457514
0.177525 -0.317362 -0.0716479 -0.92878
0.168774 -0.689509 -0.605393 0.359989
-0.0723127 -0.050983 -0.456657 -0.885232
-0.327058 -0.722772 0.487232 0.365019
-0.0132177 -0.157154 -0.589371 -0.792319
0.617745 0.142419 0.771647 -0.05165
-0.0195016 -0.705607 0.611329 0.357793
0.49332 0.340726 0.743336 -0.296637
-0.357907 0.422325 0.473198 -0.685294
0.418207 0.902978 0.0824034 0.0542584
0.659719 -0.374183 -0.479435 -0.441475
0.353977 -0.473986 -0.379636 -0.711277
0.355717 0.247556 -0.869694 0.23625
-0.163654 0.207894 -0.283279 -0.921819
-0.206318 0.796583 0.100413 0.55929
-0.011912 0.341568 -0.748005 -0.568927
-0.147129 0.753484 0.63502 0.085818
-0.00847949 0.382726 0.667932 -0.638213
-0.713722 0.429827 0.533909 0.144191
0.327579 0.728053 -0.459088 -0.389704
0.543104 -0.129475 0.829558 -0.0103822
0.639418 0.308849 -0.693241 0.123183
0.533514 -0.0770962 -0.82797 -0.154548
-0.00491299 -0.555622 -0.524321 -0.645251
0.702018 0.245803 -0.399227 -0.536069
0.557099 0.172437 -0.11769 0.803776
-0.958786 -0.0684376 0.267522 -0.0669172
0.260856 -0.759691 0.541691 -0.247782
0.0109162 -0.0252759 -0.840812 -0.540627
-0.159561 0.079995 0.886467 -0.426986
-0.705009 0.0819971 -0.293365 -0.64045
0.159351 0.405009 0.653183 0.619618
0.532359 0.456922 -0.443015 0.55817
0.0953557 0.04746 0.854216 0.508891
-0.900431 0.272747 -0.278345 -0.193278
0.133203 0.716235 0.684489 -0.0271892
-0.197255 0.2512 0.473126 -0.821061
0.0742668 0.710364 -0.635683 -0.292872
0.546959 0.223285 -0.797449 -0.122699
0.320842 0.611263 -0.713378 -0.120458
0.473445 0.317465 0.0865456 -0.817053
-0.261377 0.875683 -0.404461 -0.0356732
-0.457208 0.498933 0.736207 0.00514516
-0.0551856 0.796965 0.545397 0.253662
0.385318 0.392287 -0.828279 -0.107678
0.708496 -0.128165 0.57247 -0.392283
0.190394 0.130506 0.0506484 -0.971675
-0.532175 -0.307931 -0.652623 -0.442777
0.566003 0.0170569 -0.115569 0.816084
-0.618158 0.553969 -0.449721 -0.329774
-0.375138 -0.350619 -0.366131 -0.776071
0.462093 0.458774 0.0844424 0.754232
-0.179571 -0.80195 0.130664 0.554579
0.911707 0.294986 0.214839 -0.188727
0.592764 0.014108 -0.784575 -0.181312
0.867917 -0.217056 -0.399139 0.200738
0.725911 0.641698 -0.0321649 0.245442
0.591643 -0.0675758 -0.78293 0.180035
0.0150312 -0.258402 -0.0865512 -0.962035
-0.00477806 0.12367 -0.902399 -0.412746
0.924337 -0.138338 -0.137625 0.327906
-0.0336482 0.85015 0.334367 -0.405354
0.442055 -0.406946 0.561832 -0.568619
0.584318 -0.749257 -0.294597 -0.101982
0.516979 0.127049 0.825924 0.185582
-0.748551 0.650443 0.0829365 -0.0985721
0.520829 -0.0499473 0.75152 -0.40182
-0.472278 0.700301 -0.342835 -0.411091
-0.624066 -0.63582 0.259578 0.372685
-0.517027 -0.190964 0.179134 0.81494
-0.515252 0.619347 -0.591065 -0.0395674
-0.5016 -0.188731 0.672533 -0.510371
-0.945193 0.275561 0.0849706 -0.153157
0.43125 0.246124 0.8336 -0.241987
0.146215 -0.454348 0.607896 0.634549
-0.526946 0.420593 0.368448 -0.640059
-0.406289 -0.525586 0.173061 -0.727144
-0.56801 0.751784 0.072019 -0.327106
-0.590021 -0.501435 -0.129609 -0.619387
0.805381 -0.0765588 -0.484523 -0.332774
0.815712 -0.576045 -0.0526967 -0.00302257
-0.140936 -0.699838 -0.68449 0.147776
0.497643 -0.72577 -0.14767 0.451445
0.240626 -0.133585 0.415297 0.867054
-0.229631 -0.699864 -0.639867 0.21916
-0.580075 0.150441 -0.470364 -0.647795
-0.815566 -0.142686 -0.455194 -0.327554
0.876945 -0.225062 0.289501 -0.310652
-0.620419 0.555754 0.289421 -0.47165
-0.780849 -0.559901 -0.0349327 -0.274893
-0.405938 0.0956152 0.850748 -0.319845
0.258259 -0.711786 0.331837 -0.562625
0.182 -0.965695 0.0577827 0.175983
0.308191 -0.471844 0.259012 -0.784407
-0.799054 0.499511 -0.321917 0.0914978
0.0293044 0.958201 0.282743 -0.0323789
0.582322 -0.0371004 0.277206 0.763336
-0.379497 -0.18201 -0.403941 0.812211
0.0736884 -0.479227 0.720496 -0.495779
-0.101772 -0.388121 -0.828045 0.391594
0.816678 0.258774 0.315555 -0.408041
0.880822 -0.298009 -0.290159 0.226167
0.952156 0.271595 0.13246 -0.0457053
-0.0568666 0.480056 -0.863116 -0.146094
-0.212033 0.753412 -0.372373 0.498749
0.277466 0.65972 -0.234223 -0.657967
-0.58124 0.68861 -0.292373 0.320147
0.000999766 -0.133059 0.960269 -0.245311
0.220059 -0.154092 0.472416 0.839436
-0.739707 0.656163 0.0335629 0.14546
-0.441065 -0.390319 0.7641 -0.263181
-0.672514 0.220699 0.381872 -0.594298
0.734273 0.454658 -0.480485 0.152522
-0.00621463 -0.279698 0.533621 0.798109
-0.439872 -0.684049 -0.578446 0.0631591
0.121427 -0.722051 0.625326 -0.269935
-0.403413 -0.567865 -0.470333 0.541825
-0.43925 0.47119 -0.730155 -0.227843
0.0402324 -0.212054 -0.359616 0.907795
0.235132 0.896145 0.193448 -0.322824
-0.907853 -0.368271 -0.0980678 0.174819
0.127894 0.636497 -0.381097 0.65824
-0.732316 -0.217054 0.608537 0.215136
-0.870653 0.186403 0.0053916 -0.455179
-0.182079 0.955266 -0.0579184 -0.225743
-0.430824 0.599233 0.524462 -0.424559
0.863257 0.108866 -0.329515 0.366546
-0.47196 0.560849 0.490101 0.471702
0.648432 0.0851092 -0.399643 0.642322
-0.26249 0.471358 -0.438399 -0.718837
0.99594 -0.0375673 -0.0481698 -0.0661145
-0.821802 0.131382 0.25363 0.493003
-0.190321 -0.433726 0.589141 -0.654655
-0.363592 -0.513604 -0.568684 -0.529726
-0.13916 -0.284489 0.549836 0.772904
0.754658 -0.511472 -0.0946056 -0.399921
0.227553 -0.553801 -0.128711 -0.790543
0.575609 -0.726612 -0.33826 -0.162139
0.240282 0.793239 0.541553 0.140556
-0.0632657 -0.759175 -0.054604 -0.645499
0.157195 -0.173269 -0.627092 -0.742983
0.467266 0.345528 0.0567956 -0.811817
-0.312058 -0.0876778 0.870302 0.370819
0.62162 0.0126455 -0.501195 -0.601857
-0.516514 0.179359 0.095442 -0.831826
-0.169266 0.103085 0.569384 0.797825
-0.694181 0.189112 0.281853 -0.634751
0.550091 0.57374 0.495674 0.350043
0.385872 0.709983 -0.0783238 -0.58386
-0.270637 -0.894602 -0.276809 0.223205
-0.0588493 -0.232004 0.269564 0.932762
0.110158 0.877849 0.461149 -0.0677301
-0.369996 0.259792 0.810948 -0.371449
-0.0912387 0.0346057 -0.985526 -0.138621
0.154278 -0.625784 -0.562119 0.518282
-0.635087 0.135091 -0.254448 -0.716708
-0.296466 -0.384082 0.852047 0.196481
-0.167176 -0.443337 -0.019089 0.880421
-0.637327 -0.0706291 -0.512192 0.571389
0.751105 -0.631683 0.156471 -0.111061
-0.776528 0.388123 0.433677 0.241432
0.104561 -0.278733 0.481974 -0.824061
0.0917517 0.860937 -0.177569 -0.467802
-0.616439 0.178979 -0.716895 -0.272086
-0.222204 0.740774 0.527517 -0.351574
-0.228139 0.958002 -0.00890904 0.173511
-0.129024 0.705897 -0.363207 -0.594259
0.0677052 -0.543868 -0.199212 -0.812366
0.230288 -0.840578 0.0563769 0.48705
-0.270937 -0.655448 0.58834 0.388378
-0.132132 -0.0729859 0.930242 0.334461
0.163428 0.648978 0.714679 0.203355
-0.570268 0.492134 -0.353896 -0.554397
-0.224743 0.781128 0.415648 -0.408126
-0.418329 0.800503 -0.422023 -0.0780512
0.342561 -0.635814 0.122901 0.680652
0.517275 -0.445297 -0.480982 0.550267
0.57536 0.392227 0.68834 0.203241
0.255307 -0.879923 0.189682 -0.352952
-0.694431 0.596922 0.396847 -0.0629452
0.440304 -0.467769 -0.399997 0.653703
0.736821 0.27742 0.593039 -0.168635
-0.214674 0.311149 0.698452 -0.607672
-0.048423 0.593693 0.718688 -0.358708
0.847277 -0.485004 -0.09711 0.193552
-0.699112 -0.595838 0.240259 0.313841
0.0873544 -0.532959 -0.797661 0.268441
0.0390931 0.231767 0.240882 0.941664
-0.437795 0.200151 0.0538769 0.874855
-0.559318 0.826459 -0.0578653 -0.0279337
-0.34507 -0.39311 -0.690151 0.500083
-0.15017 0.951029 -0.225753 -0.148417
0.429763 0.529151 -0.237519 0.692018
0.328072 -0.646526 0.676442 -0.129609
0.65081 -0.0834648 0.244947 -0.713779
-0.365222 -0.0175964 -0.79172 -0.48937
0.467688 0.117763 -0.679509 0.552871
-0.130163 0.0818992 -0.908316 0.388989
0.0721733 0.921976 0.00259207 -0.380454
-0.445411 -0.0999233 0.458875 0.762272
0.492001 0.571542 0.10454 0.648341
0.0349581 -0.48022 0.29764 -0.824365
0.323385 -0.677642 -0.445892 -0.487241
-0.101307 0.604295 -0.644147 -0.457865
-0.337526 -0.522734 -0.777179 0.093904
0.795622 0.0455394 -0.578565 -0.173708
-0.335383 -0.817103 0.442696 -0.154536
0.645132 -0.660174 -0.275756 0.268205
-0.751293 -0.488474 0.0177633 0.443437
-0.510575 -0.8436 -0.164746 -0.0226005
0.677242 -0.576164 -0.391366 0.23709
-0.975817 -0.0309024 -0.17099 -0.132619
-0.694994 -0.409011 -0.39138 0.443301
-0.559567 0.790679 0.211789 0.129834
0.35048 -0.865332 -0.231069 0.273809
0.288168 0.719405 0.311581 -0.549849
-0.992782 -0.0487626 -0.0961298 -0.0525919
0.291518 0.489416 -0.148021 -0.808442
-0.440352 -0.190102 -0.724643 -0.494817
0.365777 0.638697 -0.650744 -0.186563
0.673173 -0.299075 -0.129333 0.663826
0.122187 0.284434 0.691846 0.652317
0.320255 0.907731 0.270964 -0.00634251
-0.298888 -0.468228 -0.806758 0.201421
-0.340182 0.901568 -0.18972 0.188303
-0.616674 -0.562616 -0.54494 0.0788449
0.160207 -0.484413 -0.203439 -0.835638
-0.319775 -0.13954 0.531766 -0.771684
-0.644094 -0.679859 0.269273 -0.224556
-0.398621 0.458062 0.602918 0.517466
-0.498588 0.617167 0.515117 -0.324298
-0.129615 0.690294 0.10897 -0.703434
0.709773 -0.134356 0.250908 0.644373
0.710944 -0.259695 0.585531 -0.290294
-0.473867 0.325127 -0.545619 -0.609952
0.538374 0.529548 0.546762 -0.36164
-0.521655 -0.0334435 -0.426736 -0.738007
-0.362857 -0.346306 0.254312 0.826881
0.380072 -0.230637 -0.495249 0.746378
0.180583 0.221043 0.516753 -0.807153
0.824913 0.542252 0.12965 -0.0931244
0.464965 0.59813 -0.428463 -0.49241
-0.217149 0.00585416 0.83458 0.506249
-0.00825994 0.570381 0.671834 0.472479
0.170932 -0.948962 -0.187696 -0.187146
-0.771345 -0.509059 0.108179 0.366311
0.813858 0.18628 -0.54396 -0.08392
0.336275 -0.427001 -0.834899 0.086791
0.417621 -0.12185 0.587354 -0.682467
0.553325 -0.0717517 -0.827879 0.0574393
0.760407 0.0116628 -0.638707 -0.117039
-0.665708 -0.290547 -0.686503 -0.0336021
-0.636841 0.139763 0.729238 -0.207636
-0.807105 -0.09947 0.445929 0.373945
-0.650014 -0.181897 0.654152 0.341292
0.544311 0.163025 0.822206 0.0335596
