number of pixels = 768
0.704647 0.704647 0.0833333
0.62552 0.762199 0.166667
0.762199 0.62552 0.166667
0.684653 0.684653 0.25
0.537929 0.805067 0.25
0.444437 0.831483 0.333333
0.598112 0.728801 0.333333
0.505046 0.755855 0.416667
0.805067 0.537929 0.25
0.728801 0.598112 0.333333
0.831483 0.444437 0.333333
0.755855 0.505046 0.416667
0.642802 0.642802 0.416667
0.549401 0.669447 0.5
0.669447 0.549401 0.5
0.574335 0.574335 0.583333
0.347882 0.839861 0.416667
0.251394 0.828735 0.5
0.408242 0.763766 0.5
0.310828 0.750405 0.583333
0.158459 0.796626 0.583333
0.0730577 0.741767 0.666667
0.216365 0.713261 0.666667
0.0747136 0.663101 0.744792
0.451252 0.675347 0.583333
0.351358 0.657345 0.666667
0.472849 0.576168 0.666667
0.355023 0.565017 0.744792
0.220394 0.629851 0.744792
0.0760917 0.577974 0.8125
0.22309 0.538586 0.8125
0.0771878 0.487344 0.869792
0.839861 0.347882 0.416667
0.763766 0.408242 0.5
0.828735 0.251394 0.5
0.750405 0.310828 0.583333
0.675347 0.451252 0.583333
0.576168 0.472849 0.666667
0.657345 0.351358 0.666667
0.565017 0.355023 0.744792
0.796626 0.158459 0.583333
0.713261 0.216365 0.666667
0.741767 0.0730577 0.666667
0.663101 0.0747136 0.744792
0.629851 0.220394 0.744792
0.538586 0.22309 0.8125
0.577974 0.0760917 0.8125
0.487344 0.0771878 0.869792
0.47185 0.47185 0.744792
0.354884 0.462494 0.8125
0.462494 0.354884 0.8125
0.3489 0.3489 0.869792
0.224008 0.43964 0.869792
0.0779684 0.391973 0.916667
0.222035 0.332299 0.916667
0.0783126 0.292267 0.953125
0.43964 0.224008 0.869792
0.332299 0.222035 0.916667
0.391973 0.0779684 0.916667
0.292267 0.0783126 0.953125
0.213954 0.213954 0.953125
0.077707 0.187601 0.979167
0.187601 0.077707 0.979167
0.0720748 0.0720748 0.994792
-0.704647 0.704647 0.0833333
-0.762199 0.62552 0.166667
-0.62552 0.762199 0.166667
-0.684653 0.684653 0.25
-0.805067 0.537929 0.25
-0.831483 0.444437 0.333333
-0.728801 0.598112 0.333333
-0.755855 0.505046 0.416667
-0.537929 0.805067 0.25
-0.598112 0.728801 0.333333
-0.444437 0.831483 0.333333
-0.505046 0.755855 0.416667
-0.642802 0.642802 0.416667
-0.669447 0.549401 0.5
-0.549401 0.669447 0.5
-0.574335 0.574335 0.583333
-0.839861 0.347882 0.416667
-0.828735 0.251394 0.5
-0.763766 0.408242 0.5
-0.750405 0.310828 0.583333
-0.796626 0.158459 0.583333
-0.741767 0.0730577 0.666667
-0.713261 0.216365 0.666667
-0.663101 0.0747136 0.744792
-0.675347 0.451252 0.583333
-0.657345 0.351358 0.666667
-0.576168 0.472849 0.666667
-0.565017 0.355023 0.744792
-0.629851 0.220394 0.744792
-0.577974 0.0760917 0.8125
-0.538586 0.22309 0.8125
-0.487344 0.0771878 0.869792
-0.347882 0.839861 0.416667
-0.408242 0.763766 0.5
-0.251394 0.828735 0.5
-0.310828 0.750405 0.583333
-0.451252 0.675347 0.583333
-0.472849 0.576168 0.666667
-0.351358 0.657345 0.666667
-0.355023 0.565017 0.744792
-0.158459 0.796626 0.583333
-0.216365 0.713261 0.666667
-0.0730577 0.741767 0.666667
-0.0747136 0.663101 0.744792
-0.220394 0.629851 0.744792
-0.22309 0.538586 0.8125
-0.0760917 0.577974 0.8125
-0.0771878 0.487344 0.869792
-0.47185 0.47185 0.744792
-0.462494 0.354884 0.8125
-0.354884 0.462494 0.8125
-0.3489 0.3489 0.869792
-0.43964 0.224008 0.869792
-0.391973 0.0779684 0.916667
-0.332299 0.222035 0.916667
-0.292267 0.0783126 0.953125
-0.224008 0.43964 0.869792
-0.222035 0.332299 0.916667
-0.0779684 0.391973 0.916667
-0.0783126 0.292267 0.953125
-0.213954 0.213954 0.953125
-0.187601 0.077707 0.979167
-0.077707 0.187601 0.979167
-0.0720748 0.0720748 0.994792
-0.704647 -0.704647 0.0833333
-0.62552 -0.762199 0.166667
-0.762199 -0.62552 0.166667
-0.684653 -0.684653 0.25
-0.537929 -0.805067 0.25
-0.444437 -0.831483 0.333333
-0.598112 -0.728801 0.333333
-0.505046 -0.755855 0.416667
-0.805067 -0.537929 0.25
-0.728801 -0.598112 0.333333
-0.831483 -0.444437 0.333333
-0.755855 -0.505046 0.416667
-0.642802 -0.642802 0.416667
-0.549401 -0.669447 0.5
-0.669447 -0.549401 0.5
-0.574335 -0.574335 0.583333
-0.347882 -0.839861 0.416667
-0.251394 -0.828735 0.5
-0.408242 -0.763766 0.5
-0.310828 -0.750405 0.583333
-0.158459 -0.796626 0.583333
-0.0730577 -0.741767 0.666667
-0.216365 -0.713261 0.666667
-0.0747136 -0.663101 0.744792
-0.451252 -0.675347 0.583333
-0.351358 -0.657345 0.666667
-0.472849 -0.576168 0.666667
-0.355023 -0.565017 0.744792
-0.220394 -0.629851 0.744792
-0.0760917 -0.577974 0.8125
-0.22309 -0.538586 0.8125
-0.0771878 -0.487344 0.869792
-0.839861 -0.347882 0.416667
-0.763766 -0.408242 0.5
-0.828735 -0.251394 0.5
-0.750405 -0.310828 0.583333
-0.675347 -0.451252 0.583333
-0.576168 -0.472849 0.666667
-0.657345 -0.351358 0.666667
-0.565017 -0.355023 0.744792
-0.796626 -0.158459 0.583333
-0.713261 -0.216365 0.666667
-0.741767 -0.0730577 0.666667
-0.663101 -0.0747136 0.744792
-0.629851 -0.220394 0.744792
-0.538586 -0.22309 0.8125
-0.577974 -0.0760917 0.8125
-0.487344 -0.0771878 0.869792
-0.47185 -0.47185 0.744792
-0.354884 -0.462494 0.8125
-0.462494 -0.354884 0.8125
-0.3489 -0.3489 0.869792
-0.224008 -0.43964 0.869792
-0.0779684 -0.391973 0.916667
-0.222035 -0.332299 0.916667
-0.0783126 -0.292267 0.953125
-0.43964 -0.224008 0.869792
-0.332299 -0.222035 0.916667
-0.391973 -0.0779684 0.916667
-0.292267 -0.0783126 0.953125
-0.213954 -0.213954 0.953125
-0.077707 -0.187601 0.979167
-0.187601 -0.077707 0.979167
-0.0720748 -0.0720748 0.994792
0.704647 -0.704647 0.0833333
0.762199 -0.62552 0.166667
0.62552 -0.762199 0.166667
0.684653 -0.684653 0.25
0.805067 -0.537929 0.25
0.831483 -0.444437 0.333333
0.728801 -0.598112 0.333333
0.755855 -0.505046 0.416667
0.537929 -0.805067 0.25
0.598112 -0.728801 0.333333
0.444437 -0.831483 0.333333
0.505046 -0.755855 0.416667
0.642802 -0.642802 0.416667
0.669447 -0.549401 0.5
0.549401 -0.669447 0.5
0.574335 -0.574335 0.583333
0.839861 -0.347882 0.416667
0.828735 -0.251394 0.5
0.763766 -0.408242 0.5
0.750405 -0.310828 0.583333
0.796626 -0.158459 0.583333
0.741767 -0.0730577 0.666667
0.713261 -0.216365 0.666667
0.663101 -0.0747136 0.744792
0.675347 -0.451252 0.583333
0.657345 -0.351358 0.666667
0.576168 -0.472849 0.666667
0.565017 -0.355023 0.744792
0.629851 -0.220394 0.744792
0.577974 -0.0760917 0.8125
0.538586 -0.22309 0.8125
0.487344 -0.0771878 0.869792
0.347882 -0.839861 0.416667
0.408242 -0.763766 0.5
0.251394 -0.828735 0.5
0.310828 -0.750405 0.583333
0.451252 -0.675347 0.583333
0.472849 -0.576168 0.666667
0.351358 -0.657345 0.666667
0.355023 -0.565017 0.744792
0.158459 -0.796626 0.583333
0.216365 -0.713261 0.666667
0.0730577 -0.741767 0.666667
0.0747136 -0.663101 0.744792
0.220394 -0.629851 0.744792
0.22309 -0.538586 0.8125
0.0760917 -0.577974 0.8125
0.0771878 -0.487344 0.869792
0.47185 -0.47185 0.744792
0.462494 -0.354884 0.8125
0.354884 -0.462494 0.8125
0.3489 -0.3489 0.869792
0.43964 -0.224008 0.869792
0.391973 -0.0779684 0.916667
0.332299 -0.222035 0.916667
0.292267 -0.0783126 0.953125
0.224008 -0.43964 0.869792
0.222035 -0.332299 0.916667
0.0779684 -0.391973 0.916667
0.0783126 -0.292267 0.953125
0.213954 -0.213954 0.953125
0.187601 -0.077707 0.979167
0.077707 -0.187601 0.979167
0.0720748 -0.0720748 0.994792
0.812233 0 -0.583333
0.861855 0.0848853 -0.5
0.861855 -0.0848853 -0.5
0.909059 0 -0.416667
0.891592 0.177349 -0.416667
0.902212 0.273683 -0.333333
0.938269 0.0924114 -0.333333
0.949641 0.188895 -0.25
0.891592 -0.177349 -0.416667
0.938269 -0.0924114 -0.333333
0.902212 -0.273683 -0.333333
0.949641 -0.188895 -0.25
0.968246 0 -0.25
0.981265 0.0966462 -0.166667
0.981265 -0.0966462 -0.166667
0.996522 0 -0.0833333
0.894543 0.370532 -0.25
0.869586 0.464803 -0.166667
0.943556 0.286225 -0.166667
0.920666 0.381352 -0.0833333
0.828578 0.553638 -0.0833333
0.77301 0.634393 0
0.881921 0.471397 0
0.828578 0.553638 0.0833333
0.977374 0.194412 -0.0833333
0.95694 0.290285 0
0.995185 0.0980171 0
0.977374 0.194412 0.0833333
0.920666 0.381352 0.0833333
0.869586 0.464803 0.166667
0.943556 0.286225 0.166667
0.894543 0.370532 0.25
0.894543 -0.370532 -0.25
0.943556 -0.286225 -0.166667
0.869586 -0.464803 -0.166667
0.920666 -0.381352 -0.0833333
0.977374 -0.194412 -0.0833333
0.995185 -0.0980171 0
0.95694 -0.290285 0
0.977374 -0.194412 0.0833333
0.828578 -0.553638 -0.0833333
0.881921 -0.471397 0
0.77301 -0.634393 0
0.828578 -0.553638 0.0833333
0.920666 -0.381352 0.0833333
0.943556 -0.286225 0.166667
0.869586 -0.464803 0.166667
0.894543 -0.370532 0.25
0.996522 0 0.0833333
0.981265 0.0966462 0.166667
0.981265 -0.0966462 0.166667
0.968246 0 0.25
0.949641 0.188895 0.25
0.902212 0.273683 0.333333
0.938269 0.0924114 0.333333
0.891592 0.177349 0.416667
0.949641 -0.188895 0.25
0.938269 -0.0924114 0.333333
0.902212 -0.273683 0.333333
0.891592 -0.177349 0.416667
0.909059 0 0.416667
0.861855 0.0848853 0.5
0.861855 -0.0848853 0.5
0.812233 0 0.583333
4.97349e-17 0.812233 -0.583333
-0.0848853 0.861855 -0.5
0.0848853 0.861855 -0.5
5.56638e-17 0.909059 -0.416667
-0.177349 0.891592 -0.416667
-0.273683 0.902212 -0.333333
-0.0924114 0.938269 -0.333333
-0.188895 0.949641 -0.25
0.177349 0.891592 -0.416667
0.0924114 0.938269 -0.333333
0.273683 0.902212 -0.333333
0.188895 0.949641 -0.25
5.9288e-17 0.968246 -0.25
-0.0966462 0.981265 -0.166667
0.0966462 0.981265 -0.166667
6.10194e-17 0.996522 -0.0833333
-0.370532 0.894543 -0.25
-0.464803 0.869586 -0.166667
-0.286225 0.943556 -0.166667
-0.381352 0.920666 -0.0833333
-0.553638 0.828578 -0.0833333
-0.634393 0.77301 0
-0.471397 0.881921 0
-0.553638 0.828578 0.0833333
-0.194412 0.977374 -0.0833333
-0.290285 0.95694 0
-0.0980171 0.995185 0
-0.194412 0.977374 0.0833333
-0.381352 0.920666 0.0833333
-0.464803 0.869586 0.166667
-0.286225 0.943556 0.166667
-0.370532 0.894543 0.25
0.370532 0.894543 -0.25
0.286225 0.943556 -0.166667
0.464803 0.869586 -0.166667
0.381352 0.920666 -0.0833333
0.194412 0.977374 -0.0833333
0.0980171 0.995185 0
0.290285 0.95694 0
0.194412 0.977374 0.0833333
0.553638 0.828578 -0.0833333
0.471397 0.881921 0
0.634393 0.77301 0
0.553638 0.828578 0.0833333
0.381352 0.920666 0.0833333
0.286225 0.943556 0.166667
0.464803 0.869586 0.166667
0.370532 0.894543 0.25
6.10194e-17 0.996522 0.0833333
-0.0966462 0.981265 0.166667
0.0966462 0.981265 0.166667
5.9288e-17 0.968246 0.25
-0.188895 0.949641 0.25
-0.273683 0.902212 0.333333
-0.0924114 0.938269 0.333333
-0.177349 0.891592 0.416667
0.188895 0.949641 0.25
0.0924114 0.938269 0.333333
0.273683 0.902212 0.333333
0.177349 0.891592 0.416667
5.56638e-17 0.909059 0.416667
-0.0848853 0.861855 0.5
0.0848853 0.861855 0.5
4.97349e-17 0.812233 0.583333
-0.812233 9.94698e-17 -0.583333
-0.861855 -0.0848853 -0.5
-0.861855 0.0848853 -0.5
-0.909059 1.11328e-16 -0.416667
-0.891592 -0.177349 -0.416667
-0.902212 -0.273683 -0.333333
-0.938269 -0.0924114 -0.333333
-0.949641 -0.188895 -0.25
-0.891592 0.177349 -0.416667
-0.938269 0.0924114 -0.333333
-0.902212 0.273683 -0.333333
-0.949641 0.188895 -0.25
-0.968246 1.18576e-16 -0.25
-0.981265 -0.0966462 -0.166667
-0.981265 0.0966462 -0.166667
-0.996522 1.22039e-16 -0.0833333
-0.894543 -0.370532 -0.25
-0.869586 -0.464803 -0.166667
-0.943556 -0.286225 -0.166667
-0.920666 -0.381352 -0.0833333
-0.828578 -0.553638 -0.0833333
-0.77301 -0.634393 0
-0.881921 -0.471397 0
-0.828578 -0.553638 0.0833333
-0.977374 -0.194412 -0.0833333
-0.95694 -0.290285 0
-0.995185 -0.0980171 0
-0.977374 -0.194412 0.0833333
-0.920666 -0.381352 0.0833333
-0.869586 -0.464803 0.166667
-0.943556 -0.286225 0.166667
-0.894543 -0.370532 0.25
-0.894543 0.370532 -0.25
-0.943556 0.286225 -0.166667
-0.869586 0.464803 -0.166667
-0.920666 0.381352 -0.0833333
-0.977374 0.194412 -0.0833333
-0.995185 0.0980171 0
-0.95694 0.290285 0
-0.977374 0.194412 0.0833333
-0.828578 0.553638 -0.0833333
-0.881921 0.471397 0
-0.77301 0.634393 0
-0.828578 0.553638 0.0833333
-0.920666 0.381352 0.0833333
-0.943556 0.286225 0.166667
-0.869586 0.464803 0.166667
-0.894543 0.370532 0.25
-0.996522 1.22039e-16 0.0833333
-0.981265 -0.0966462 0.166667
-0.981265 0.0966462 0.166667
-0.968246 1.18576e-16 0.25
-0.949641 -0.188895 0.25
-0.902212 -0.273683 0.333333
-0.938269 -0.0924114 0.333333
-0.891592 -0.177349 0.416667
-0.949641 0.188895 0.25
-0.938269 0.0924114 0.333333
-0.902212 0.273683 0.333333
-0.891592 0.177349 0.416667
-0.909059 1.11328e-16 0.416667
-0.861855 -0.0848853 0.5
-0.861855 0.0848853 0.5
-0.812233 9.94698e-17 0.583333
-1.49205e-16 -0.812233 -0.583333
0.0848853 -0.861855 -0.5
-0.0848853 -0.861855 -0.5
-1.66991e-16 -0.909059 -0.416667
0.177349 -0.891592 -0.416667
0.273683 -0.902212 -0.333333
0.0924114 -0.938269 -0.333333
0.188895 -0.949641 -0.25
-0.177349 -0.891592 -0.416667
-0.0924114 -0.938269 -0.333333
-0.273683 -0.902212 -0.333333
-0.188895 -0.949641 -0.25
-1.77864e-16 -0.968246 -0.25
0.0966462 -0.981265 -0.166667
-0.0966462 -0.981265 -0.166667
-1.83058e-16 -0.996522 -0.0833333
0.370532 -0.894543 -0.25
0.464803 -0.869586 -0.166667
0.286225 -0.943556 -0.166667
0.381352 -0.920666 -0.0833333
0.553638 -0.828578 -0.0833333
0.634393 -0.77301 0
0.471397 -0.881921 0
0.553638 -0.828578 0.0833333
0.194412 -0.977374 -0.0833333
0.290285 -0.95694 0
0.0980171 -0.995185 0
0.194412 -0.977374 0.0833333
0.381352 -0.920666 0.0833333
0.464803 -0.869586 0.166667
0.286225 -0.943556 0.166667
0.370532 -0.894543 0.25
-0.370532 -0.894543 -0.25
-0.286225 -0.943556 -0.166667
-0.464803 -0.869586 -0.166667
-0.381352 -0.920666 -0.0833333
-0.194412 -0.977374 -0.0833333
-0.0980171 -0.995185 0
-0.290285 -0.95694 0
-0.194412 -0.977374 0.0833333
-0.553638 -0.828578 -0.0833333
-0.471397 -0.881921 0
-0.634393 -0.77301 0
-0.553638 -0.828578 0.0833333
-0.381352 -0.920666 0.0833333
-0.286225 -0.943556 0.166667
-0.464803 -0.869586 0.166667
-0.370532 -0.894543 0.25
-1.83058e-16 -0.996522 0.0833333
0.0966462 -0.981265 0.166667
-0.0966462 -0.981265 0.166667
-1.77864e-16 -0.968246 0.25
0.188895 -0.949641 0.25
0.273683 -0.902212 0.333333
0.0924114 -0.938269 0.333333
0.177349 -0.891592 0.416667
-0.188895 -0.949641 0.25
-0.0924114 -0.938269 0.333333
-0.273683 -0.902212 0.333333
-0.177349 -0.891592 0.416667
-1.66991e-16 -0.909059 0.416667
0.0848853 -0.861855 0.5
-0.0848853 -0.861855 0.5
-1.49205e-16 -0.812233 0.583333
0.0720748 0.0720748 -0.994792
0.077707 0.187601 -0.979167
0.187601 0.077707 -0.979167
0.213954 0.213954 -0.953125
0.0783126 0.292267 -0.953125
0.0779684 0.391973 -0.916667
0.222035 0.332299 -0.916667
0.224008 0.43964 -0.869792
0.292267 0.0783126 -0.953125
0.332299 0.222035 -0.916667
0.391973 0.0779684 -0.916667
0.43964 0.224008 -0.869792
0.3489 0.3489 -0.869792
0.354884 0.462494 -0.8125
0.462494 0.354884 -0.8125
0.47185 0.47185 -0.744792
0.0771878 0.487344 -0.869792
0.0760917 0.577974 -0.8125
0.22309 0.538586 -0.8125
0.220394 0.629851 -0.744792
0.0747136 0.663101 -0.744792
0.0730577 0.741767 -0.666667
0.216365 0.713261 -0.666667
0.158459 0.796626 -0.583333
0.355023 0.565017 -0.744792
0.351358 0.657345 -0.666667
0.472849 0.576168 -0.666667
0.451252 0.675347 -0.583333
0.310828 0.750405 -0.583333
0.251394 0.828735 -0.5
0.408242 0.763766 -0.5
0.347882 0.839861 -0.416667
0.487344 0.0771878 -0.869792
0.538586 0.22309 -0.8125
0.577974 0.0760917 -0.8125
0.629851 0.220394 -0.744792
0.565017 0.355023 -0.744792
0.576168 0.472849 -0.666667
0.657345 0.351358 -0.666667
0.675347 0.451252 -0.583333
0.663101 0.0747136 -0.744792
0.713261 0.216365 -0.666667
0.741767 0.0730577 -0.666667
0.796626 0.158459 -0.583333
0.750405 0.310828 -0.583333
0.763766 0.408242 -0.5
0.828735 0.251394 -0.5
0.839861 0.347882 -0.416667
0.574335 0.574335 -0.583333
0.549401 0.669447 -0.5
0.669447 0.549401 -0.5
0.642802 0.642802 -0.416667
0.505046 0.755855 -0.416667
0.444437 0.831483 -0.333333
0.598112 0.728801 -0.333333
0.537929 0.805067 -0.25
0.755855 0.505046 -0.416667
0.728801 0.598112 -0.333333
0.831483 0.444437 -0.333333
0.805067 0.537929 -0.25
0.684653 0.684653 -0.25
0.62552 0.762199 -0.166667
0.762199 0.62552 -0.166667
0.704647 0.704647 -0.0833333
-0.0720748 0.0720748 -0.994792
-0.187601 0.077707 -0.979167
-0.077707 0.187601 -0.979167
-0.213954 0.213954 -0.953125
-0.292267 0.0783126 -0.953125
-0.391973 0.0779684 -0.916667
-0.332299 0.222035 -0.916667
-0.43964 0.224008 -0.869792
-0.0783126 0.292267 -0.953125
-0.222035 0.332299 -0.916667
-0.0779684 0.391973 -0.916667
-0.224008 0.43964 -0.869792
-0.3489 0.3489 -0.869792
-0.462494 0.354884 -0.8125
-0.354884 0.462494 -0.8125
-0.47185 0.47185 -0.744792
-0.487344 0.0771878 -0.869792
-0.577974 0.0760917 -0.8125
-0.538586 0.22309 -0.8125
-0.629851 0.220394 -0.744792
-0.663101 0.0747136 -0.744792
-0.741767 0.0730577 -0.666667
-0.713261 0.216365 -0.666667
-0.796626 0.158459 -0.583333
-0.565017 0.355023 -0.744792
-0.657345 0.351358 -0.666667
-0.576168 0.472849 -0.666667
-0.675347 0.451252 -0.583333
-0.750405 0.310828 -0.583333
-0.828735 0.251394 -0.5
-0.763766 0.408242 -0.5
-0.839861 0.347882 -0.416667
-0.0771878 0.487344 -0.869792
-0.22309 0.538586 -0.8125
-0.0760917 0.577974 -0.8125
-0.220394 0.629851 -0.744792
-0.355023 0.565017 -0.744792
-0.472849 0.576168 -0.666667
-0.351358 0.657345 -0.666667
-0.451252 0.675347 -0.583333
-0.0747136 0.663101 -0.744792
-0.216365 0.713261 -0.666667
-0.0730577 0.741767 -0.666667
-0.158459 0.796626 -0.583333
-0.310828 0.750405 -0.583333
-0.408242 0.763766 -0.5
-0.251394 0.828735 -0.5
-0.347882 0.839861 -0.416667
-0.574335 0.574335 -0.583333
-0.669447 0.549401 -0.5
-0.549401 0.669447 -0.5
-0.642802 0.642802 -0.416667
-0.755855 0.505046 -0.416667
-0.831483 0.444437 -0.333333
-0.728801 0.598112 -0.333333
-0.805067 0.537929 -0.25
-0.505046 0.755855 -0.416667
-0.598112 0.728801 -0.333333
-0.444437 0.831483 -0.333333
-0.537929 0.805067 -0.25
-0.684653 0.684653 -0.25
-0.762199 0.62552 -0.166667
-0.62552 0.762199 -0.166667
-0.704647 0.704647 -0.0833333
-0.0720748 -0.0720748 -0.994792
-0.077707 -0.187601 -0.979167
-0.187601 -0.077707 -0.979167
-0.213954 -0.213954 -0.953125
-0.0783126 -0.292267 -0.953125
-0.0779684 -0.391973 -0.916667
-0.222035 -0.332299 -0.916667
-0.224008 -0.43964 -0.869792
-0.292267 -0.0783126 -0.953125
-0.332299 -0.222035 -0.916667
-0.391973 -0.0779684 -0.916667
-0.43964 -0.224008 -0.869792
-0.3489 -0.3489 -0.869792
-0.354884 -0.462494 -0.8125
-0.462494 -0.354884 -0.8125
-0.47185 -0.47185 -0.744792
-0.0771878 -0.487344 -0.869792
-0.0760917 -0.577974 -0.8125
-0.22309 -0.538586 -0.8125
-0.220394 -0.629851 -0.744792
-0.0747136 -0.663101 -0.744792
-0.0730577 -0.741767 -0.666667
-0.216365 -0.713261 -0.666667
-0.158459 -0.796626 -0.583333
-0.355023 -0.565017 -0.744792
-0.351358 -0.657345 -0.666667
-0.472849 -0.576168 -0.666667
-0.451252 -0.675347 -0.583333
-0.310828 -0.750405 -0.583333
-0.251394 -0.828735 -0.5
-0.408242 -0.763766 -0.5
-0.347882 -0.839861 -0.416667
-0.487344 -0.0771878 -0.869792
-0.538586 -0.22309 -0.8125
-0.577974 -0.0760917 -0.8125
-0.629851 -0.220394 -0.744792
-0.565017 -0.355023 -0.744792
-0.576168 -0.472849 -0.666667
-0.657345 -0.351358 -0.666667
-0.675347 -0.451252 -0.583333
-0.663101 -0.0747136 -0.744792
-0.713261 -0.216365 -0.666667
-0.741767 -0.0730577 -0.666667
-0.796626 -0.158459 -0.583333
-0.750405 -0.310828 -0.583333
-0.763766 -0.408242 -0.5
-0.828735 -0.251394 -0.5
-0.839861 -0.347882 -0.416667
-0.574335 -0.574335 -0.583333
-0.549401 -0.669447 -0.5
-0.669447 -0.549401 -0.5
-0.642802 -0.642802 -0.416667
-0.505046 -0.755855 -0.416667
-0.444437 -0.831483 -0.333333
-0.598112 -0.728801 -0.333333
-0.537929 -0.805067 -0.25
-0.755855 -0.505046 -0.416667
-0.728801 -0.598112 -0.333333
-0.831483 -0.444437 -0.333333
-0.805067 -0.537929 -0.25
-0.684653 -0.684653 -0.25
-0.62552 -0.762199 -0.166667
-0.762199 -0.62552 -0.166667
-0.704647 -0.704647 -0.0833333
0.0720748 -0.0720748 -0.994792
0.187601 -0.077707 -0.979167
0.077707 -0.187601 -0.979167
0.213954 -0.213954 -0.953125
0.292267 -0.0783126 -0.953125
0.391973 -0.0779684 -0.916667
0.332299 -0.222035 -0.916667
0.43964 -0.224008 -0.869792
0.0783126 -0.292267 -0.953125
0.222035 -0.332299 -0.916667
0.0779684 -0.391973 -0.916667
0.224008 -0.43964 -0.869792
0.3489 -0.3489 -0.869792
0.462494 -0.354884 -0.8125
0.354884 -0.462494 -0.8125
0.47185 -0.47185 -0.744792
0.487344 -0.0771878 -0.869792
0.577974 -0.0760917 -0.8125
0.538586 -0.22309 -0.8125
0.629851 -0.220394 -0.744792
0.663101 -0.0747136 -0.744792
0.741767 -0.0730577 -0.666667
0.713261 -0.216365 -0.666667
0.796626 -0.158459 -0.583333
0.565017 -0.355023 -0.744792
0.657345 -0.351358 -0.666667
0.576168 -0.472849 -0.666667
0.675347 -0.451252 -0.583333
0.750405 -0.310828 -0.583333
0.828735 -0.251394 -0.5
0.763766 -0.408242 -0.5
0.839861 -0.347882 -0.416667
0.0771878 -0.487344 -0.869792
0.22309 -0.538586 -0.8125
0.0760917 -0.577974 -0.8125
0.220394 -0.629851 -0.744792
0.355023 -0.565017 -0.744792
0.472849 -0.576168 -0.666667
0.351358 -0.657345 -0.666667
0.451252 -0.675347 -0.583333
0.0747136 -0.663101 -0.744792
0.216365 -0.713261 -0.666667
0.0730577 -0.741767 -0.666667
0.158459 -0.796626 -0.583333
0.310828 -0.750405 -0.583333
0.408242 -0.763766 -0.5
0.251394 -0.828735 -0.5
0.347882 -0.839861 -0.416667
0.574335 -0.574335 -0.583333
0.669447 -0.549401 -0.5
0.549401 -0.669447 -0.5
0.642802 -0.642802 -0.416667
0.755855 -0.505046 -0.416667
0.831483 -0.444437 -0.333333
0.728801 -0.598112 -0.333333
0.805067 -0.537929 -0.25
0.505046 -0.755855 -0.416667
0.598112 -0.728801 -0.333333
0.444437 -0.831483 -0.333333
0.537929 -0.805067 -0.25
0.684653 -0.684653 -0.25
0.762199 -0.62552 -0.166667
0.62552 -0.762199 -0.166667
0.704647 -0.704647 -0.0833333
